0.0,21.864,48.431999999999995,10.176,66.09599999999999,23.30399999999999,44.4,53.711999999999996,47.879999999999995,1.9199999999999995,65.928,59.06399999999999,84.52799999999999,22.559999999999995,66.648,28.944,54.431999999999995,66.216,43.559999999999995,41.97599999999999,5.208000000000003,48.504,39.024,61.12799999999999,79.65599999999999,44.111999999999995,30.983999999999998,76.68,49.895999999999994,47.160000000000004,23.424000000000003,39.984,69.6,8.88,36.72,42.72,58.92,42.24,26.928000000000004,83.664,38.39999999999999,45.696,32.687999999999995,51.576,53.68799999999999,55.344,36.48,53.42399999999999,22.536,73.512,50.78399999999999,24.264000000000003,12.479999999999997,37.248,46.608000000000004,48.983999999999995,59.16,21.551999999999996,72.72,23.496000000000002,12.048,35.616,25.46399999999999,48.096,60.11999999999999,40.65599999999999,83.568,47.64,51.36,65.592,69.624,25.008,37.872,14.039999999999994,62.016000000000005,35.616,44.376,17.855999999999998,43.75199999999999,38.88,41.232,9.600000000000001,65.80799999999999,68.136,47.208000000000006,49.008,72.11999999999999,54.864,39.647999999999996,35.327999999999996,49.727999999999994,10.967999999999996,13.727999999999996,47.688,11.927999999999995,63.431999999999995,21.791999999999998,55.48799999999999,11.999999999999995,91.536,23.664,0.0
21.864,0.0,54.98399999999999,25.656000000000002,50.568,45.168,28.871999999999996,38.184,69.744,22.776,50.4,80.928,69.0,6.071999999999998,57.312000000000005,7.08,60.647999999999996,88.08,28.031999999999996,26.447999999999997,27.072000000000003,63.791999999999994,17.159999999999997,45.6,64.128,31.176,52.848000000000006,61.152,46.51200000000001,68.016,7.896,61.848000000000006,54.072,12.984000000000002,19.272,27.192,43.391999999999996,26.711999999999996,8.424,68.136,60.263999999999996,67.55999999999999,41.304,45.792,75.55199999999999,60.552,20.951999999999995,75.288,38.064,57.983999999999995,35.25599999999999,46.12800000000001,16.776000000000003,59.112,39.864,69.93599999999999,43.632,43.416,57.19199999999999,7.968,13.703999999999999,20.087999999999997,47.327999999999996,40.440000000000005,44.59199999999999,26.904,68.03999999999999,32.111999999999995,35.832,50.06399999999999,54.096,36.696,17.447999999999997,35.903999999999996,57.192,20.087999999999997,66.24,10.872000000000002,28.223999999999993,60.744,29.112000000000002,18.936,87.672,90.0,59.424,33.48,56.59199999999999,76.728,24.119999999999997,29.928,71.592,26.495999999999995,33.96,32.16,32.01599999999999,85.29599999999999,43.656,39.959999999999994,30.311999999999998,76.008,16.488,21.864
48.431999999999995,54.98399999999999,0.0,38.256,17.664,56.37599999999999,47.327999999999996,36.57599999999999,22.007999999999996,50.352,17.496000000000002,25.944000000000003,36.096000000000004,55.679999999999986,18.215999999999998,62.06399999999999,5.999999999999996,33.096000000000004,43.559999999999995,36.071999999999996,43.368,8.808000000000003,72.14399999999999,39.143999999999984,31.223999999999993,23.807999999999996,26.52,28.248,8.471999999999989,13.032000000000007,48.239999999999995,12.72,21.168,41.99999999999999,69.84,34.65599999999999,18.071999999999992,40.032,60.047999999999995,35.232,10.079999999999998,38.304,15.744,9.191999999999991,25.127999999999997,6.912000000000002,62.25599999999999,20.304000000000002,70.968,25.080000000000005,20.255999999999997,52.68000000000001,49.67999999999999,14.688000000000002,15.119999999999992,14.952,46.391999999999996,37.199999999999996,24.288,47.35199999999999,46.608,49.63199999999999,58.91999999999999,14.543999999999992,41.495999999999995,28.07999999999999,35.135999999999996,39.431999999999995,25.775999999999996,33.239999999999995,31.943999999999992,23.424,70.99199999999999,55.51199999999999,13.584000000000003,55.48799999999999,34.43999999999999,44.11199999999999,35.064,39.35999999999999,25.871999999999993,51.84,32.688,35.016,4.4400000000000075,40.94399999999999,23.688,28.608000000000004,33.74399999999999,25.055999999999994,29.712000000000003,59.4,34.704,60.07199999999999,60.35999999999999,30.312000000000005,37.872,57.35999999999999,60.43199999999999,43.104,38.495999999999995,48.431999999999995
10.176,25.656000000000002,38.256,0.0,55.92,19.511999999999997,34.224000000000004,43.536,44.087999999999994,12.095999999999997,55.751999999999995,55.272,74.352,26.352,56.472,32.736,44.25599999999999,62.42399999999999,33.384,31.799999999999997,5.112000000000002,38.328,42.815999999999995,50.952,69.47999999999999,33.93599999999999,27.192,66.504,39.72,42.35999999999999,18.912000000000003,36.192,59.42399999999999,12.671999999999997,40.51199999999999,32.544000000000004,48.744,32.064,30.719999999999995,73.48799999999999,34.60799999999999,41.904,22.511999999999997,41.4,49.895999999999994,45.168,32.928,49.632,32.711999999999996,63.336,40.608,20.472,16.272,33.455999999999996,36.432,44.27999999999999,48.983999999999995,17.759999999999998,62.544,18.024,15.839999999999998,25.44,21.671999999999993,37.92,49.944,30.479999999999997,73.392,37.464,41.184,55.416,59.44799999999999,14.832,41.663999999999994,17.255999999999997,51.84,26.159999999999997,40.58399999999999,14.783999999999997,33.576,35.088,31.056,13.583999999999996,62.01599999999999,64.34399999999998,37.032,38.83200000000001,61.943999999999996,51.072,29.472,25.152,45.936,21.143999999999995,8.304,37.512,22.103999999999992,59.64,18.0,45.312000000000005,22.175999999999995,81.36,13.488000000000001,10.176
66.09599999999999,50.568,17.664,55.92,0.0,74.04,40.51200000000001,29.759999999999998,39.672000000000004,68.016,2.6639999999999984,34.583999999999996,18.432,48.864,9.144,55.248000000000005,12.479999999999997,39.912000000000006,36.74399999999999,29.256,61.032,17.592,65.32799999999999,32.327999999999996,13.559999999999993,21.984000000000005,44.184000000000005,17.543999999999997,16.2,19.848000000000003,42.672000000000004,30.384000000000004,5.760000000000001,57.408,63.023999999999994,27.839999999999996,11.255999999999998,33.216,53.232,17.567999999999994,27.744,55.967999999999996,33.408,14.520000000000001,42.791999999999994,12.384,55.43999999999999,27.119999999999997,88.63199999999999,7.416000000000001,15.312000000000005,70.34400000000001,67.34400000000001,32.352000000000004,19.487999999999996,21.767999999999997,39.576,54.864,9.359999999999998,42.6,64.272,42.815999999999995,76.584,18.0,34.68,25.44,17.471999999999994,32.616,18.959999999999997,26.423999999999992,25.127999999999997,41.088,64.17599999999999,73.176,9.024000000000003,48.672,52.104,48.24,28.247999999999998,57.024,24.864,69.504,39.504,41.832,18.888,34.12799999999999,6.023999999999995,46.272,26.928,30.768000000000004,47.376000000000005,77.064,52.367999999999995,53.25599999999999,78.02399999999999,40.152,55.536,50.544000000000004,78.09599999999999,25.439999999999998,42.431999999999995,66.09599999999999
23.30399999999999,45.168,56.37599999999999,19.511999999999997,74.04,0.0,52.343999999999994,61.65599999999999,34.368,22.391999999999996,73.872,39.456,92.472,45.86399999999999,74.592,52.248,62.37599999999998,42.912000000000006,51.504,49.91999999999999,18.09599999999999,56.44799999999999,62.327999999999996,69.072,87.6,52.05599999999999,29.855999999999995,84.624,57.84,55.104,38.42399999999999,43.65599999999999,77.544,32.184,60.023999999999994,50.663999999999994,66.86399999999999,50.184,50.232,91.608,46.296,22.392000000000003,40.632,59.51999999999999,31.247999999999998,63.28799999999999,52.44,56.616,14.592000000000004,81.45599999999999,58.727999999999994,3.6959999999999935,35.78399999999999,41.687999999999995,54.552,56.928,67.10399999999998,19.176,80.664,37.535999999999994,35.352,43.559999999999995,2.544000000000001,56.04,68.064,48.599999999999994,91.51199999999999,55.583999999999996,59.304,73.536,77.568,32.952,61.175999999999995,9.263999999999998,69.96,45.67199999999998,21.936,34.29599999999999,51.696,17.015999999999995,49.175999999999995,32.903999999999996,42.504,44.832,55.15199999999999,56.95199999999999,80.064,31.560000000000002,47.59199999999999,43.27199999999999,26.663999999999987,23.184,21.671999999999993,55.632,13.152000000000001,40.12800000000001,18.503999999999998,63.431999999999995,14.855999999999998,99.48,31.607999999999993,23.30399999999999
44.4,28.871999999999996,47.327999999999996,34.224000000000004,40.51200000000001,52.343999999999994,0.0,10.752,62.088,46.32,37.848,73.272,40.12799999999999,22.8,49.656,24.336,52.99199999999999,80.424,3.7680000000000047,11.256,39.336,56.135999999999996,24.815999999999995,16.728,36.6,23.52,45.192,32.28,38.85600000000001,60.36,20.975999999999996,54.192,46.272,35.712,22.511999999999997,12.672000000000002,29.256,7.296000000000002,20.447999999999997,39.263999999999996,52.60799999999999,59.903999999999996,33.648,38.136,67.896,52.895999999999994,14.927999999999997,67.63199999999999,66.93599999999999,35.64,27.071999999999996,48.648,45.648,51.456,32.208000000000006,62.279999999999994,14.759999999999998,35.76,31.152,20.903999999999996,42.576,8.784,54.88799999999999,32.784000000000006,15.719999999999999,19.248,39.168,7.896000000000002,21.552,21.192000000000004,25.223999999999997,29.04,23.663999999999998,51.48,49.536,8.784,58.583999999999996,26.544,12.264,53.08800000000001,21.456000000000003,47.808,80.016,82.34400000000001,51.768,6.384000000000002,44.472,69.072,13.584,22.272000000000002,63.936,55.367999999999995,30.672,12.743999999999998,56.327999999999996,77.64,36.0,11.088,56.4,47.136,20.736,44.4
53.711999999999996,38.184,36.57599999999999,43.536,29.759999999999998,61.65599999999999,10.752,0.0,51.336,55.632,27.096,62.519999999999996,30.816000000000003,32.111999999999995,38.904,33.647999999999996,42.24,69.672,10.151999999999996,11.735999999999999,48.647999999999996,45.384,35.568,7.416000000000004,25.943999999999996,12.768,34.440000000000005,22.968000000000004,28.104000000000006,49.608000000000004,30.287999999999993,43.440000000000005,35.52,45.023999999999994,33.263999999999996,10.991999999999996,18.504,11.471999999999998,29.759999999999994,29.951999999999998,41.855999999999995,49.152,22.896,27.384000000000004,57.14399999999999,42.144000000000005,25.679999999999996,56.879999999999995,76.24799999999999,24.888,16.319999999999997,57.959999999999994,54.959999999999994,40.704,21.456000000000003,51.52799999999999,9.816,42.47999999999999,20.4,30.215999999999994,51.88799999999999,18.095999999999997,64.2,22.032000000000004,6.408000000000001,13.055999999999997,29.855999999999998,6.071999999999998,10.800000000000002,11.880000000000004,15.912,28.703999999999997,34.416,60.791999999999994,38.784000000000006,18.911999999999995,47.832,35.855999999999995,9.959999999999999,44.64,12.479999999999997,57.11999999999999,69.264,71.592,41.016000000000005,4.703999999999995,33.72,58.32,14.063999999999998,18.384,53.184,64.67999999999999,39.984,23.496,65.63999999999999,66.888,43.151999999999994,20.784,65.71199999999999,37.824000000000005,30.048,53.711999999999996
47.879999999999995,69.744,22.007999999999996,44.087999999999994,39.672000000000004,34.368,62.088,51.336,0.0,46.967999999999996,39.504,11.184,58.10399999999999,70.44,40.224,76.82400000000001,28.00799999999999,18.336000000000002,58.31999999999999,50.831999999999994,42.67199999999999,22.08,86.904,53.903999999999996,53.231999999999985,38.568,16.895999999999997,50.25599999999999,23.471999999999998,20.736,63.0,9.287999999999993,43.175999999999995,56.75999999999999,84.6,49.416,32.832,54.791999999999994,74.808,57.239999999999995,11.927999999999997,16.296000000000006,28.439999999999998,25.151999999999994,5.807999999999995,28.919999999999995,77.016,22.247999999999998,48.96,47.088,35.016000000000005,30.672000000000004,60.35999999999999,10.632,29.879999999999995,22.559999999999995,61.152,26.328,46.296,62.112,59.928,64.392,36.912,29.303999999999995,56.25599999999999,42.84,57.14399999999999,54.19199999999999,40.536,48.0,46.704,33.048,85.75200000000001,33.84,35.592,70.24799999999999,12.431999999999999,58.872,49.82399999999999,17.352000000000004,40.632,57.480000000000004,17.927999999999997,20.255999999999993,20.783999999999995,55.704,45.696,6.984,48.504,39.815999999999995,7.70400000000001,47.760000000000005,35.784,74.832,38.352,15.552,26.087999999999997,72.11999999999999,39.431999999999995,65.112,53.256,47.879999999999995
1.9199999999999995,22.776,50.352,12.095999999999997,68.016,22.391999999999996,46.32,55.632,46.967999999999996,0.0,67.848,58.152,86.44800000000001,23.519999999999996,68.568,29.856,56.35199999999999,65.304,45.480000000000004,43.895999999999994,6.983999999999996,50.424,39.936,63.048,81.57599999999998,46.032,30.072000000000003,78.6,51.816,49.080000000000005,25.344,39.072,71.52,10.607999999999999,37.632,44.64,60.84,44.16,27.840000000000003,85.58399999999999,40.272,44.784,34.608,53.495999999999995,52.775999999999996,57.263999999999996,38.4,52.51199999999999,20.616,75.432,52.704,23.352000000000004,13.392,36.336,48.528000000000006,50.903999999999996,61.08,20.639999999999997,74.64,25.416000000000004,12.96,37.535999999999994,24.551999999999996,50.016000000000005,62.04,42.576,85.48799999999999,49.559999999999995,53.28,67.512,71.544,26.928,38.784,13.127999999999997,63.936,37.536,43.464,19.776,45.672000000000004,37.968,43.152,10.512000000000002,64.896,67.22399999999999,49.12799999999999,50.928,74.04,53.952,41.568,37.248,48.815999999999995,9.047999999999996,15.647999999999998,49.608000000000004,10.007999999999996,62.519999999999996,20.880000000000003,57.408,10.079999999999993,93.45599999999999,25.584,1.9199999999999995
65.928,50.4,17.496000000000002,55.751999999999995,2.6639999999999984,73.872,37.848,27.096,39.504,67.848,0.0,35.424,18.599999999999998,46.199999999999996,11.808,52.584,15.143999999999997,42.576,34.08,26.592000000000002,60.864,18.287999999999997,62.663999999999994,29.663999999999998,13.727999999999994,21.816000000000003,44.016000000000005,14.879999999999997,16.032,22.512,42.504,30.216,8.424,57.24,60.36,25.176,8.592,30.552,50.568,17.735999999999997,27.576,55.8,33.24,14.352,42.623999999999995,15.047999999999998,52.776,29.783999999999995,88.464,7.584000000000002,15.144000000000005,70.176,67.176,32.184000000000005,19.319999999999997,24.431999999999995,36.912000000000006,54.696,6.791999999999998,42.431999999999995,64.104,40.152,76.41599999999998,17.831999999999997,32.016,25.272000000000002,17.639999999999993,29.951999999999998,16.296,23.759999999999994,22.464,40.92,61.51199999999999,73.008,11.688000000000002,46.008,51.936,48.072,25.584,56.856,24.696,69.336,42.168,44.495999999999995,18.720000000000002,31.464,6.623999999999995,46.104,26.28,30.6,47.208000000000006,76.896,52.199999999999996,50.59199999999999,77.856,39.98399999999999,55.367999999999995,47.879999999999995,77.928,25.607999999999997,42.263999999999996,65.928
59.06399999999999,80.928,25.944000000000003,55.272,34.583999999999996,39.456,73.272,62.519999999999996,11.184,58.152,35.424,0.0,53.01599999999999,81.624,35.13599999999999,88.008,22.919999999999987,7.152000000000001,69.504,62.016,53.855999999999995,17.136,98.08800000000001,65.088,48.143999999999984,49.751999999999995,28.08,50.304,34.416,15.647999999999998,74.184,19.08,38.087999999999994,67.94399999999999,95.784,60.599999999999994,44.016,65.976,85.99199999999999,52.15199999999999,20.664000000000005,21.384000000000007,39.623999999999995,35.135999999999996,8.208000000000004,23.831999999999994,88.2,17.159999999999997,54.048,42.0,46.199999999999996,35.760000000000005,71.544,21.816,41.064,17.471999999999994,72.336,37.512,42.12,73.29599999999999,71.112,75.576,42.0,40.48799999999999,67.44,54.023999999999994,52.05599999999998,65.37599999999999,51.72,59.184,57.888,44.232,96.93599999999999,45.024,30.503999999999998,81.432,17.52,70.056,61.008,22.44000000000001,51.815999999999995,68.664,6.743999999999996,9.071999999999994,21.503999999999998,66.88799999999999,40.60799999999998,11.688000000000011,59.688,51.0,12.792000000000012,58.944,46.967999999999996,86.016,48.912000000000006,5.5680000000000005,37.272,83.304,50.616,60.023999999999994,64.44,59.06399999999999
84.52799999999999,69.0,36.096000000000004,74.352,18.432,92.472,40.12799999999999,30.816000000000003,58.10399999999999,86.44800000000001,18.599999999999998,53.01599999999999,0.0,62.928,17.880000000000003,64.464,30.096000000000004,50.90399999999999,40.967999999999996,42.552,79.464,36.024,58.128,25.127999999999997,4.872000000000003,40.416000000000004,62.61600000000001,10.343999999999996,34.632,37.367999999999995,61.104,48.816,14.928,75.84,55.824,41.808,25.607999999999997,42.288000000000004,60.576,0.8640000000000018,46.176,74.39999999999999,51.84,32.952,61.22399999999999,29.183999999999997,48.24,35.855999999999995,107.064,11.015999999999995,33.74400000000001,88.776,85.776,50.784000000000006,37.919999999999995,35.544,32.376000000000005,73.29599999999999,11.808,61.032,82.704,48.91199999999999,95.01599999999999,36.431999999999995,27.48,43.872,10.224000000000004,36.888,33.16799999999999,19.224,17.927999999999997,59.519999999999996,56.97599999999999,91.608,22.511999999999997,48.91199999999999,70.53599999999999,66.672,40.776,75.45599999999999,43.296,87.93599999999999,49.96799999999999,51.239999999999995,37.32,35.519999999999996,12.408000000000003,64.704,44.88,49.199999999999996,65.808,95.496,70.8,46.056000000000004,96.45599999999999,58.58399999999999,73.968,43.343999999999994,96.52799999999999,7.008000000000001,60.864,84.52799999999999
22.559999999999995,6.071999999999998,55.679999999999986,26.352,48.864,45.86399999999999,22.8,32.111999999999995,70.44,23.519999999999996,46.199999999999996,81.624,62.928,0.0,58.007999999999996,6.384000000000001,61.343999999999994,88.77599999999998,21.960000000000004,20.376,27.768,64.48799999999999,16.464,39.528000000000006,58.05599999999999,31.872,53.544000000000004,55.08,47.208000000000006,68.71199999999999,7.439999999999998,62.544000000000004,54.623999999999995,13.68,14.16,21.12,37.608000000000004,20.640000000000004,4.368,62.06399999999999,60.95999999999999,68.25599999999999,42.0,46.488,76.24799999999999,61.248,14.880000000000003,75.984,44.136,51.912000000000006,35.42399999999999,46.824000000000005,22.848,59.808,40.56,70.63199999999999,37.56,44.111999999999995,51.11999999999999,8.327999999999998,19.775999999999996,14.015999999999998,48.023999999999994,41.136,38.52,27.599999999999998,61.96799999999999,26.040000000000003,29.904,43.992000000000004,48.024,37.391999999999996,15.312000000000001,36.599999999999994,57.888,14.015999999999998,66.93599999999999,11.568,22.152,61.44,29.808000000000003,25.007999999999996,88.36799999999998,90.69599999999998,60.12,27.408,52.82399999999999,77.42399999999999,21.936,30.624000000000002,72.288,32.56799999999999,34.656,26.088,33.52799999999999,85.99199999999999,44.352,33.888,33.59999999999999,69.93599999999999,17.183999999999997,22.559999999999995
66.648,57.312000000000005,18.215999999999998,56.472,9.144,74.592,49.656,38.904,40.224,68.568,11.808,35.13599999999999,17.880000000000003,58.007999999999996,0.0,64.392,12.216000000000003,33.023999999999994,45.88799999999999,38.4,61.583999999999996,18.143999999999995,74.472,41.472,13.056000000000004,26.136,44.736,26.687999999999995,16.751999999999995,19.487999999999992,50.568,30.936,3.3840000000000003,57.959999999999994,72.16799999999999,36.984,20.4,42.35999999999999,62.376000000000005,17.016,28.295999999999996,56.519999999999996,33.96,15.071999999999997,43.343999999999994,11.303999999999997,64.584,17.975999999999996,89.18399999999998,14.015999999999996,22.584000000000003,70.896,67.896,32.904,20.039999999999996,17.663999999999998,48.72,55.41599999999999,18.503999999999998,49.68000000000001,64.824,51.959999999999994,77.136,18.551999999999996,43.824000000000005,30.407999999999998,26.568000000000005,41.76,28.104,35.568,34.272,41.64,73.32,73.728,4.631999999999995,57.81599999999999,52.65599999999999,48.791999999999994,37.392,57.576,28.2,70.056,32.087999999999994,33.35999999999999,19.439999999999998,43.272,5.471999999999999,46.824000000000005,36.072,31.32,47.928000000000004,77.616,52.92,62.4,78.57599999999998,40.70399999999999,56.087999999999994,59.688,78.64799999999998,24.888,42.984,66.648
28.944,7.08,62.06399999999999,32.736,55.248000000000005,52.248,24.336,33.647999999999996,76.82400000000001,29.856,52.584,88.008,64.464,6.384000000000001,64.392,0.0,67.728,95.16000000000001,23.496,25.992000000000004,34.152,70.872,10.511999999999997,41.064,59.59199999999999,38.256,59.928000000000004,56.61600000000001,53.59200000000001,75.096,13.823999999999998,68.928,61.008,20.064000000000004,14.735999999999999,27.407999999999998,43.992000000000004,22.176,3.887999999999999,63.599999999999994,67.344,74.64,48.38400000000001,52.872,82.63199999999999,67.63199999999999,16.416,82.368,44.808,53.44800000000001,41.808,53.208,21.312,66.19200000000001,46.944,77.016,39.096,50.495999999999995,52.656,14.712,18.24,15.551999999999998,54.407999999999994,47.52000000000001,40.05599999999999,33.984,63.504,27.576,36.288000000000004,45.528000000000006,49.559999999999995,43.775999999999996,12.911999999999999,42.984,64.272,15.551999999999998,73.32,17.952,27.0,67.824,36.192,23.471999999999998,94.75200000000001,97.08,66.504,28.943999999999996,59.208,83.808,28.32,37.008,78.672,31.031999999999996,41.04,27.624,39.096,92.376,50.736,35.42399999999999,37.391999999999996,71.472,23.568,28.944
54.431999999999995,60.647999999999996,5.999999999999996,44.25599999999999,12.479999999999997,62.37599999999998,52.99199999999999,42.24,28.00799999999999,56.35199999999999,15.143999999999997,22.919999999999987,30.096000000000004,61.343999999999994,12.216000000000003,67.728,0.0,27.432000000000002,49.22399999999999,41.736,49.367999999999995,5.927999999999993,77.808,44.80799999999999,25.224000000000004,29.471999999999998,32.519999999999996,30.023999999999994,14.135999999999992,7.368000000000005,53.903999999999996,18.719999999999995,15.168000000000005,47.663999999999994,75.504,40.31999999999999,23.735999999999997,45.696,65.71199999999999,29.232000000000003,16.079999999999995,44.304,21.743999999999996,14.855999999999995,31.127999999999993,0.9120000000000061,67.92,14.639999999999999,76.968,19.08000000000001,25.92,58.67999999999999,55.679999999999986,20.688,20.783999999999995,9.287999999999998,52.05599999999999,43.19999999999999,21.839999999999993,53.016,52.60799999999998,55.29599999999999,64.91999999999999,20.207999999999995,47.16,33.74399999999999,29.904,45.096,31.439999999999994,38.90399999999999,37.608,29.423999999999992,76.65599999999999,61.511999999999986,7.5840000000000085,61.15199999999999,40.43999999999998,49.775999999999996,40.727999999999994,45.35999999999999,31.535999999999994,57.83999999999999,27.023999999999997,29.351999999999997,7.223999999999995,46.608000000000004,17.688000000000002,34.608,39.408,30.719999999999995,35.712,65.39999999999999,40.704,65.736,66.36,28.48799999999999,43.87199999999999,63.023999999999994,66.43199999999997,37.104000000000006,44.16,54.431999999999995
66.216,88.08,33.096000000000004,62.42399999999999,39.912000000000006,42.912000000000006,80.424,69.672,18.336000000000002,65.304,42.576,7.152000000000001,50.90399999999999,88.77599999999998,33.023999999999994,95.16000000000001,27.432000000000002,0.0,76.65599999999999,69.16799999999999,61.007999999999996,24.288,105.24,72.24,46.03199999999999,56.903999999999996,35.232,57.45599999999999,41.568,20.063999999999997,81.336,26.232,35.97599999999999,75.09599999999999,102.93599999999999,67.752,51.168,73.128,93.144,50.03999999999999,27.816000000000006,23.496000000000006,46.776,42.28799999999999,12.528000000000006,27.528,95.352,15.047999999999998,56.160000000000004,44.784,53.352000000000004,41.952,78.696,28.968,48.215999999999994,18.144000000000005,79.48800000000001,44.663999999999994,49.272,80.44800000000001,78.264,82.728,44.111999999999995,47.64,74.592,61.176,57.336000000000006,72.528,58.872,66.336,65.04,51.38400000000001,104.08800000000001,52.176,30.887999999999998,88.58399999999999,21.840000000000003,77.208,68.16,27.335999999999995,58.967999999999996,75.816,0.9360000000000013,1.919999999999993,28.656,74.04,38.495999999999995,13.800000000000008,66.84,58.152,16.488000000000003,66.096,54.12,93.16799999999999,56.06400000000001,7.679999999999998,44.42399999999999,90.45599999999999,57.768,57.91199999999999,71.592,66.216
43.559999999999995,28.031999999999996,43.559999999999995,33.384,36.74399999999999,51.504,3.7680000000000047,10.151999999999996,58.31999999999999,45.480000000000004,34.08,69.504,40.967999999999996,21.960000000000004,45.88799999999999,23.496,49.22399999999999,76.65599999999999,0.0,7.487999999999996,38.496,52.367999999999995,28.584,17.568,36.096,19.751999999999995,41.42399999999999,33.12,35.088,56.59199999999999,20.136,50.42399999999999,42.504,34.872,26.28,8.903999999999998,25.487999999999996,3.527999999999997,19.608000000000004,40.104,48.83999999999998,56.135999999999996,29.879999999999995,34.368,64.128,49.12799999999999,18.696,63.864,66.09599999999999,31.872,23.30399999999999,47.808,44.808,47.687999999999995,28.439999999999998,58.511999999999986,15.599999999999998,32.327999999999996,29.159999999999997,20.063999999999997,41.736,7.944000000000001,54.047999999999995,29.016,16.56,15.479999999999997,40.007999999999996,4.1279999999999974,17.784,22.032,26.063999999999997,25.27199999999999,27.432000000000002,50.64,45.768,11.928,54.81599999999999,25.704,8.495999999999995,49.32,17.688,46.967999999999996,76.24799999999999,78.57599999999998,48.0,5.448000000000001,40.70399999999999,65.304,9.815999999999995,18.503999999999998,60.168,54.52799999999999,29.832,16.512000000000004,55.48799999999999,73.872,33.0,13.8,55.559999999999995,47.976000000000006,19.895999999999997,43.559999999999995
41.97599999999999,26.447999999999997,36.071999999999996,31.799999999999997,29.256,49.91999999999999,11.256,11.735999999999999,50.831999999999994,43.895999999999994,26.592000000000002,62.016,42.552,20.376,38.4,25.992000000000004,41.736,69.16799999999999,7.487999999999996,0.0,36.912,44.879999999999995,36.071999999999996,19.152,37.68,12.264,33.936,34.704,27.60000000000001,49.104,18.551999999999996,42.936,35.016,33.288000000000004,33.768,1.4160000000000017,18.0,3.9599999999999986,23.976,41.688,41.35199999999999,48.647999999999996,22.392000000000003,26.880000000000006,56.63999999999999,41.64,26.183999999999997,56.37599999999999,64.512,31.536000000000005,15.815999999999997,46.224,43.224000000000004,40.199999999999996,20.952,51.023999999999994,17.184,30.743999999999993,30.744,18.479999999999997,40.152,13.559999999999999,52.464,21.528000000000006,18.144000000000002,7.992000000000002,41.59199999999999,5.664000000000001,10.296000000000001,23.616000000000003,27.648000000000003,17.784,34.919999999999995,49.05599999999999,38.28000000000001,19.416,47.327999999999996,24.12,1.7760000000000005,41.832,10.200000000000001,45.384,68.75999999999999,71.088,40.51200000000001,7.032000000000004,33.216,57.815999999999995,2.3279999999999994,11.016000000000002,52.67999999999999,52.94399999999999,28.247999999999998,24.0,53.90399999999999,66.384,31.415999999999993,21.287999999999997,53.975999999999985,49.56,18.311999999999998,41.97599999999999
5.208000000000003,27.072000000000003,43.368,5.112000000000002,61.032,18.09599999999999,39.336,48.647999999999996,42.67199999999999,6.983999999999996,60.864,53.855999999999995,79.464,27.768,61.583999999999996,34.152,49.367999999999995,61.007999999999996,38.496,36.912,0.0,43.440000000000005,44.232,56.06399999999999,74.592,39.047999999999995,25.775999999999996,71.616,44.832,42.096000000000004,20.328000000000007,34.775999999999996,64.536,14.088000000000001,41.928000000000004,37.656,53.856,37.176,32.136,78.6,33.288000000000004,40.48799999999999,27.624,46.51200000000001,48.47999999999999,50.28,34.344,48.21599999999999,27.599999999999998,68.44800000000001,45.71999999999999,19.056,17.688000000000002,32.03999999999999,41.544000000000004,43.92,54.096,16.343999999999994,67.656,19.44,17.256000000000004,30.552,20.255999999999993,43.032,55.056,35.592000000000006,78.504,42.576,46.29600000000001,60.528000000000006,64.55999999999999,19.944000000000006,43.080000000000005,12.143999999999995,56.952000000000005,30.552,39.16799999999999,16.200000000000003,38.688,33.672000000000004,36.168,14.808000000000003,60.59999999999999,62.92799999999998,42.144000000000005,43.944,67.056,49.65599999999999,34.583999999999996,30.263999999999996,44.51999999999999,16.031999999999993,8.664,42.624,16.99199999999999,58.22399999999999,16.583999999999996,50.424,17.063999999999993,86.472,18.600000000000005,5.208000000000003
48.504,63.791999999999994,8.808000000000003,38.328,17.592,56.44799999999999,56.135999999999996,45.384,22.08,50.424,18.287999999999997,17.136,36.024,64.48799999999999,18.143999999999995,70.872,5.927999999999993,24.288,52.367999999999995,44.879999999999995,43.440000000000005,0.0,80.95200000000001,47.95199999999999,31.15199999999999,32.616,26.592000000000002,33.16799999999999,17.279999999999994,4.224000000000004,57.047999999999995,12.792000000000003,21.095999999999997,50.80799999999999,78.64800000000001,43.464,26.879999999999995,48.84,68.856,35.16,10.152000000000001,38.376000000000005,22.487999999999996,17.999999999999996,25.2,6.839999999999999,71.064,11.495999999999997,71.04,25.008000000000003,29.064,52.75200000000001,54.407999999999994,14.760000000000005,23.927999999999997,6.143999999999997,55.199999999999996,37.272,24.983999999999998,56.16,53.97599999999999,58.43999999999999,58.99199999999999,23.351999999999997,50.304,36.888,35.06399999999999,48.24,34.583999999999996,42.047999999999995,40.75199999999999,27.096,79.8,55.583999999999996,13.512,64.29599999999999,34.51199999999999,52.91999999999999,43.872,39.431999999999995,34.68,51.912000000000006,23.88,26.207999999999995,4.367999999999996,49.75199999999999,23.615999999999996,28.680000000000007,42.552,33.864,29.784000000000006,59.472,34.776,68.88,60.431999999999995,22.559999999999995,37.944,66.16799999999999,60.50399999999999,43.032,47.304,48.504
39.024,17.159999999999997,72.14399999999999,42.815999999999995,65.32799999999999,62.327999999999996,24.815999999999995,35.568,86.904,39.936,62.663999999999994,98.08800000000001,58.128,16.464,74.472,10.511999999999997,77.808,105.24,28.584,36.071999999999996,44.232,80.95200000000001,0.0,33.0,61.416,48.336,70.008,47.784000000000006,63.672,85.176,23.903999999999996,79.008,71.088,30.144,4.224,37.488,54.072,32.111999999999995,12.096,57.983999999999995,77.42399999999999,84.71999999999998,58.464,62.952000000000005,92.71199999999999,77.712,9.888,92.448,54.888,60.456,51.88799999999999,63.288,31.823999999999998,76.272,57.023999999999994,87.09599999999999,28.583999999999996,60.57599999999999,55.967999999999996,24.791999999999994,28.751999999999995,22.512,64.48799999999999,57.599999999999994,30.647999999999996,44.064,52.99199999999999,32.711999999999996,46.368,38.904,40.199999999999996,53.855999999999995,2.4,53.06399999999999,74.352,16.656000000000002,83.39999999999999,28.031999999999996,37.08,77.904,46.272,33.983999999999995,104.832,107.16,76.584,31.2,69.288,93.888,38.39999999999999,47.087999999999994,88.75200000000001,41.544,51.12,17.112,49.175999999999995,102.45599999999999,60.815999999999995,24.911999999999995,47.471999999999994,60.96,33.647999999999996,39.024
61.12799999999999,45.6,39.143999999999984,50.952,32.327999999999996,69.072,16.728,7.416000000000004,53.903999999999996,63.048,29.663999999999998,65.088,25.127999999999997,39.528000000000006,41.472,41.064,44.80799999999999,72.24,17.568,19.152,56.06399999999999,47.95199999999999,33.0,0.0,28.41599999999999,17.016000000000002,39.21600000000001,15.552,30.672,52.176,37.70399999999999,46.008,38.087999999999994,52.44,30.696,18.407999999999998,21.072,18.888,37.176,24.983999999999995,44.42399999999999,51.71999999999999,28.44,29.951999999999998,59.711999999999996,44.711999999999996,24.648000000000003,59.447999999999986,83.664,27.456000000000003,18.887999999999995,65.376,62.376000000000005,43.272,24.023999999999997,54.096,7.248000000000005,49.895999999999994,22.968,37.632,59.304,25.512,71.61599999999999,24.599999999999998,2.352000000000003,20.472,22.439999999999994,13.488000000000001,13.367999999999999,5.904,8.495999999999999,36.12,31.848,68.208,41.352,25.512,50.4,43.272,17.376,52.05600000000001,19.896,64.536,71.832,74.16,43.583999999999996,12.12,36.28799999999999,60.88799999999999,21.48,25.800000000000004,55.751999999999995,72.09599999999999,47.4,20.928,73.056,69.45599999999999,50.568,18.216,73.128,30.407999999999998,37.464,61.12799999999999
79.65599999999999,64.128,31.223999999999993,69.47999999999999,13.559999999999993,87.6,36.6,25.943999999999996,53.231999999999985,81.57599999999998,13.727999999999994,48.143999999999984,4.872000000000003,58.05599999999999,13.056000000000004,59.59199999999999,25.224000000000004,46.03199999999999,36.096,37.68,74.592,31.15199999999999,61.416,28.41599999999999,0.0,35.544,57.74399999999999,13.631999999999993,29.759999999999994,32.49599999999999,56.231999999999985,43.943999999999996,10.055999999999996,70.96799999999999,59.11199999999999,36.93599999999999,20.735999999999994,37.416,55.704,4.008000000000002,41.303999999999995,69.52799999999999,46.967999999999996,28.08,56.35199999999999,24.311999999999998,51.527999999999984,31.031999999999996,102.192,6.143999999999992,28.872,83.90399999999998,80.90399999999998,45.912,33.04799999999999,30.671999999999993,35.663999999999994,68.42399999999999,6.935999999999996,56.16,77.83199999999998,44.03999999999999,90.144,31.559999999999995,30.767999999999994,39.0,13.511999999999999,32.016,28.295999999999992,22.511999999999993,21.215999999999994,54.64799999999999,60.263999999999996,86.736,17.639999999999993,44.76,65.66399999999999,61.8,35.903999999999996,70.58399999999999,38.42399999999999,83.064,45.09599999999999,46.36799999999999,32.448,30.647999999999993,7.872,59.831999999999994,40.007999999999996,44.327999999999996,60.936,90.624,65.928,49.343999999999994,91.58399999999999,53.71199999999999,69.09599999999999,46.632,91.65599999999999,11.880000000000004,55.99199999999999,79.65599999999999
44.111999999999995,31.176,23.807999999999996,33.93599999999999,21.984000000000005,52.05599999999999,23.52,12.768,38.568,46.032,21.816000000000003,49.751999999999995,40.416000000000004,31.872,26.136,38.256,29.471999999999998,56.903999999999996,19.751999999999995,12.264,39.047999999999995,32.616,48.336,17.016000000000002,35.544,0.0,22.2,32.568000000000005,15.336000000000006,36.84,24.432,30.672,25.488,35.424,46.032,10.847999999999999,14.808000000000003,16.224,36.24,39.552,29.087999999999994,36.384,11.424,14.616000000000003,44.376,29.375999999999998,38.448,44.111999999999995,66.648,29.400000000000006,6.671999999999998,48.35999999999999,45.35999999999999,27.936,8.688000000000002,38.76,22.584,32.879999999999995,28.608000000000004,23.544,42.28799999999999,25.823999999999998,54.599999999999994,9.264000000000003,17.688,4.2719999999999985,39.455999999999996,15.623999999999999,7.248000000000005,21.480000000000008,25.512,19.103999999999996,47.184,51.19199999999999,26.016000000000002,31.679999999999996,35.064,26.255999999999997,11.256,35.04,2.879999999999998,47.51999999999999,56.495999999999995,58.82399999999999,28.248,17.136,28.008,45.552,9.936000000000002,8.784,40.416,55.079999999999984,30.384,36.263999999999996,56.03999999999999,54.12,33.55199999999999,33.552,56.11199999999999,47.424,20.447999999999997,44.111999999999995
30.983999999999998,52.848000000000006,26.52,27.192,44.184000000000005,29.855999999999995,45.192,34.440000000000005,16.895999999999997,30.072000000000003,44.016000000000005,28.08,62.61600000000001,53.544000000000004,44.736,59.928000000000004,32.519999999999996,35.232,41.42399999999999,33.936,25.775999999999996,26.592000000000002,70.008,39.21600000000001,57.74399999999999,22.2,0.0,54.768,27.984,25.248000000000005,46.104,13.799999999999999,47.688,39.864,67.704,32.52,37.008,37.896,57.912000000000006,61.751999999999995,16.44,14.711999999999996,11.544,29.664,22.703999999999994,33.432,60.12,26.760000000000005,44.448,51.60000000000001,28.871999999999996,26.16,43.464,11.831999999999999,24.696000000000005,27.072000000000003,44.256,10.679999999999994,50.808,45.21600000000001,43.032,47.495999999999995,32.39999999999999,26.184000000000005,39.35999999999999,25.944,61.656,37.296,29.448000000000008,43.68000000000001,47.712,16.152000000000005,68.856,28.991999999999994,40.104,53.352,13.391999999999996,41.976000000000006,32.928,12.839999999999998,23.736,40.58400000000001,34.82399999999999,37.151999999999994,25.296,38.808,50.208,23.88,31.608000000000004,22.92,18.743999999999996,32.879999999999995,18.888,57.936,33.839999999999996,32.448,11.351999999999997,55.22399999999999,33.91199999999999,69.624,36.36000000000001,30.983999999999998
76.68,61.152,28.248,66.504,17.543999999999997,84.624,32.28,22.968000000000004,50.25599999999999,78.6,14.879999999999997,50.304,10.343999999999996,55.08,26.687999999999995,56.61600000000001,30.023999999999994,57.45599999999999,33.12,34.704,71.616,33.16799999999999,47.784000000000006,15.552,13.631999999999993,32.568000000000005,54.768,0.0,26.784,37.391999999999996,53.25599999999999,40.967999999999996,23.304,67.99199999999999,45.480000000000004,33.96,17.76,34.440000000000005,52.728,10.199999999999996,38.328,66.552,43.992000000000004,25.104,53.37599999999999,29.927999999999997,40.20000000000001,44.663999999999994,99.21600000000001,12.672,25.896000000000004,80.92800000000001,77.928,42.936,30.071999999999996,39.31199999999999,22.032000000000004,65.448,8.183999999999997,53.184,74.856,41.064,87.16799999999999,28.584,17.136000000000003,36.024,6.887999999999994,29.040000000000003,25.32,11.088,7.584000000000001,51.672,46.632,83.75999999999999,26.567999999999998,41.064,62.68799999999999,58.824,32.928000000000004,67.608,35.448,80.08800000000001,57.04799999999999,59.37599999999998,29.472,27.672,21.503999999999994,56.85600000000001,37.032000000000004,41.35200000000001,57.96,87.64800000000001,62.952000000000005,35.712,88.608,54.672,66.12,33.0,88.67999999999999,14.855999999999998,53.016000000000005,76.68
49.895999999999994,46.51200000000001,8.471999999999989,39.72,16.2,57.84,38.85600000000001,28.104000000000006,23.471999999999998,51.816,16.032,34.416,34.632,47.208000000000006,16.751999999999995,53.59200000000001,14.135999999999992,41.568,35.088,27.60000000000001,44.832,17.279999999999994,63.672,30.672,29.759999999999994,15.336000000000006,27.984,26.784,0.0,21.503999999999998,39.768,15.335999999999997,19.703999999999997,41.208000000000006,61.367999999999995,26.184000000000005,9.600000000000003,31.560000000000002,51.576,33.767999999999994,13.751999999999988,39.768,17.208000000000002,1.6799999999999982,29.03999999999999,14.039999999999994,53.784000000000006,28.77599999999999,72.432,23.616,11.784000000000008,54.144000000000005,51.144000000000005,16.152000000000005,6.648000000000003,23.42399999999999,37.92,38.663999999999994,22.823999999999995,38.88,48.072,41.160000000000004,60.384,6.072000000000003,33.02400000000001,19.608000000000004,33.67199999999999,30.960000000000004,17.304000000000002,24.768,23.472,24.888,62.519999999999996,56.976,12.120000000000001,47.016000000000005,35.903999999999996,35.64,26.592000000000002,40.824000000000005,17.400000000000002,53.304,41.16,43.48799999999999,12.911999999999997,32.472,22.223999999999993,30.215999999999994,25.272000000000006,16.584000000000003,31.17600000000001,60.864,36.168000000000006,51.599999999999994,61.82399999999999,38.78399999999999,39.336,48.888000000000005,61.895999999999994,41.64,30.024000000000008,49.895999999999994
