0.0,44.76,70.344,58.488,54.959999999999994,60.023999999999994,55.15200000000001,13.056000000000001,49.91999999999999,33.672000000000004,34.29600000000001,32.592000000000006,32.376,21.599999999999998,50.352,11.495999999999997,38.04,14.424,26.375999999999994,30.432,37.919999999999995,63.768,35.279999999999994,41.160000000000004,38.928000000000004,5.327999999999997,38.97599999999999,71.37599999999999,70.824,30.88800000000001,34.67999999999999,19.032,58.199999999999996,23.928,35.952,21.599999999999998,34.416,45.984,26.975999999999996,2.639999999999997,3.3120000000000016,19.392,25.631999999999998,37.152,64.416,1.1279999999999972,28.536,13.176,10.656,38.784,63.384,64.728,33.74399999999999,20.375999999999994,19.536,77.688,27.191999999999993,4.200000000000002,19.32,31.512000000000004,34.872,46.080000000000005,80.39999999999999,8.111999999999995,34.751999999999995,38.928,54.72,29.735999999999997,42.12,14.591999999999999,76.584,56.376000000000005,41.64,53.616,12.864,28.439999999999998,9.767999999999995,52.32,10.607999999999999,22.848,27.983999999999998,34.919999999999995,45.864,41.42399999999999,41.376,61.416,26.712000000000003,24.647999999999996,18.911999999999995,46.05599999999999,82.58399999999999,24.863999999999997,22.44,24.527999999999995,16.968,32.904,12.167999999999997,36.16799999999999,36.6,30.168,23.040000000000003,0.0
44.76,0.0,32.78399999999999,29.712,10.2,31.247999999999998,15.335999999999997,35.687999999999995,5.159999999999997,62.44800000000001,45.11999999999999,52.104,12.384,23.16,52.05599999999999,37.48799999999999,15.407999999999994,59.184,28.607999999999993,49.8,43.608,19.008,64.056,22.56,64.48799999999999,42.791999999999994,67.752,34.24799999999999,26.064,23.087999999999994,63.45599999999999,63.792,13.440000000000003,20.831999999999997,46.679999999999986,37.656,10.344000000000001,55.31999999999999,27.048,46.104,43.368,48.168,51.288,45.28799999999999,24.551999999999996,44.832,73.29599999999999,47.663999999999994,34.104,7.992,37.67999999999999,19.967999999999996,62.51999999999999,49.15199999999999,53.016,32.928,42.767999999999994,40.559999999999995,48.096,47.568,9.887999999999998,22.439999999999998,35.64000000000001,45.0,59.207999999999984,38.32799999999999,30.071999999999996,58.511999999999986,45.263999999999996,59.352,31.823999999999998,27.6,5.808000000000008,46.77599999999999,57.623999999999995,73.2,41.856,23.544,55.367999999999995,67.608,27.335999999999995,63.696,2.1599999999999966,59.111999999999995,52.15199999999999,45.21599999999999,57.11999999999999,35.232,47.687999999999995,74.832,37.824,69.624,62.97599999999999,53.304,45.74400000000001,30.671999999999997,32.64,41.087999999999994,8.16,54.384,67.8,44.76
70.344,32.78399999999999,0.0,62.495999999999995,34.824,64.032,17.447999999999997,61.272,36.455999999999996,41.807999999999986,36.04799999999999,77.68799999999999,37.967999999999996,48.74399999999999,19.991999999999994,58.847999999999985,32.303999999999995,84.768,43.967999999999996,39.912,32.424,20.688000000000002,44.136,29.18399999999999,31.704,68.37599999999999,34.967999999999996,1.4639999999999986,8.976000000000004,48.67199999999999,62.97599999999999,89.37599999999999,29.136000000000003,46.41599999999999,34.391999999999996,63.239999999999995,35.928,24.359999999999996,43.368,71.68799999999999,68.95199999999998,65.35199999999999,76.872,33.19199999999999,8.232,70.416,98.88,73.24799999999999,59.68799999999999,31.559999999999995,6.959999999999996,28.752,40.632,50.16,78.6,13.391999999999996,43.151999999999994,66.14399999999999,60.911999999999985,38.83199999999999,35.711999999999996,24.26399999999999,10.056000000000012,70.58399999999999,35.59199999999999,31.415999999999997,58.727999999999994,67.58399999999999,28.22399999999999,84.93599999999999,13.008000000000003,60.384,38.592000000000006,16.727999999999998,83.208,98.78399999999999,67.44,56.327999999999996,80.95199999999998,93.192,42.35999999999999,57.983999999999995,30.624,28.919999999999995,28.967999999999996,12.431999999999999,82.70399999999998,45.696,68.80799999999998,42.047999999999995,12.240000000000002,95.208,88.55999999999997,57.384,67.344,37.43999999999999,58.22399999999999,34.176,33.74399999999999,79.96799999999998,93.38399999999999,70.344
58.488,29.712,62.495999999999995,0.0,30.503999999999998,6.048000000000003,45.047999999999995,45.431999999999995,26.04,92.16000000000001,74.832,31.799999999999997,26.784,52.248,81.768,67.2,45.11999999999999,51.936,58.31999999999999,79.51199999999999,73.32,41.80799999999999,93.768,52.272,94.2,63.815999999999995,97.464,63.959999999999994,53.51999999999999,27.599999999999994,93.16799999999998,46.12800000000001,33.744,43.440000000000005,76.392,36.888,30.359999999999996,85.032,56.75999999999999,61.12799999999999,55.176,77.88000000000001,32.856,75.0,54.263999999999996,59.616,52.99199999999999,45.312000000000005,59.879999999999995,37.704,67.392,40.27199999999999,92.232,78.86399999999999,38.952,53.232,72.47999999999999,56.64,77.808,77.28,26.784,52.152,55.944,66.6,88.91999999999999,68.03999999999999,9.768,88.22399999999999,74.976,53.688,52.12799999999999,2.7839999999999985,23.903999999999993,76.48799999999999,69.576,52.895999999999994,68.25599999999999,6.168,53.544000000000004,61.176,57.047999999999995,93.408,31.871999999999996,88.824,81.86399999999999,74.928,36.815999999999995,64.944,77.39999999999999,104.544,58.12799999999999,60.504,42.67199999999999,83.016,75.456,60.384,46.32,70.8,29.424000000000003,34.08,59.495999999999995,58.488
54.959999999999994,10.2,34.824,30.503999999999998,0.0,36.552,17.376,45.88799999999999,5.040000000000004,64.48799999999999,47.16,62.304,22.584,33.36,54.096,43.464,17.447999999999997,69.38399999999999,30.647999999999996,51.84,45.647999999999996,14.135999999999996,66.09599999999999,24.6,66.52799999999999,52.99199999999999,69.79199999999999,36.288,25.847999999999992,33.28799999999999,65.496,73.99199999999999,5.6879999999999935,31.031999999999996,48.71999999999999,47.856,20.544,57.35999999999999,29.088,56.304,53.568,50.208,61.488,47.327999999999996,26.592,55.032,83.496,57.864,44.304,16.176,39.71999999999999,9.767999999999995,64.55999999999999,51.19199999999999,63.215999999999994,22.728,44.80799999999999,50.75999999999999,50.135999999999996,49.608000000000004,20.087999999999997,24.48,28.128,55.199999999999996,61.24799999999999,40.368,40.272,60.55199999999999,47.304,69.55199999999999,21.815999999999995,33.288,13.319999999999997,48.81599999999999,67.824,83.39999999999999,52.056,27.407999999999998,65.568,77.808,29.375999999999998,65.736,9.095999999999998,61.152,54.19199999999999,47.25599999999999,67.32,37.272,53.42399999999999,76.872,27.624,79.824,73.17599999999999,55.344,51.959999999999994,32.712,42.84,43.12799999999999,18.36,64.584,78.0,54.959999999999994
60.023999999999994,31.247999999999998,64.032,6.048000000000003,36.552,0.0,46.583999999999996,46.967999999999996,31.511999999999997,93.696,76.368,27.431999999999995,28.319999999999993,53.78399999999999,83.304,68.73599999999999,46.65599999999999,53.471999999999994,59.855999999999995,81.04799999999999,74.856,45.36000000000001,95.30399999999999,53.808,95.736,65.35199999999999,99.0,65.496,55.05599999999999,29.135999999999992,94.70399999999998,47.66399999999999,39.792,44.97599999999999,77.928,38.42399999999999,31.895999999999994,86.568,58.29599999999999,62.663999999999994,56.711999999999996,79.41600000000001,34.391999999999996,76.536,55.8,61.15199999999999,46.943999999999996,46.848,61.41599999999999,39.24,68.928,46.32,93.768,80.39999999999999,40.48799999999999,59.28,74.01599999999999,58.175999999999995,79.34400000000001,78.816,28.319999999999997,53.688,61.99200000000001,68.136,90.45599999999999,69.576,5.303999999999998,89.75999999999999,76.512,55.22399999999999,58.176,3.6479999999999957,25.43999999999999,78.02399999999999,71.11199999999998,49.67999999999999,69.79199999999999,9.144,55.08,62.712,58.58399999999999,94.944,33.407999999999994,90.36,83.39999999999999,76.464,33.31199999999999,66.47999999999999,78.93599999999999,106.08,64.176,62.03999999999999,37.58399999999999,84.552,76.99199999999999,61.91999999999999,47.855999999999995,72.336,30.96,29.855999999999998,61.032,60.023999999999994
55.15200000000001,15.335999999999997,17.447999999999997,45.047999999999995,17.376,46.583999999999996,0.0,46.080000000000005,19.008,47.112,29.784,62.496,22.776000000000007,33.55200000000001,36.72,43.65600000000001,17.11200000000001,69.57600000000001,28.776000000000007,34.464,28.272,8.61599999999999,48.71999999999999,13.992000000000004,49.152,53.184000000000005,52.41599999999999,18.911999999999995,15.671999999999993,33.480000000000004,48.11999999999999,74.18400000000001,11.688000000000006,31.224000000000007,31.343999999999994,48.048,20.736000000000008,39.984,28.17600000000001,56.496,53.76000000000001,50.16000000000001,61.68000000000001,29.951999999999998,9.26399999999999,55.22400000000001,83.688,58.05600000000001,44.496,16.36800000000001,22.343999999999998,11.304000000000002,47.184,34.96800000000001,63.408,22.53599999999999,27.960000000000008,50.952000000000005,45.720000000000006,32.232,20.280000000000005,9.072000000000003,25.247999999999998,55.39200000000001,43.87199999999999,22.991999999999994,41.279999999999994,52.392,29.928,69.744,21.43199999999999,42.936,21.144000000000005,31.439999999999994,68.016,83.59200000000001,52.248000000000005,38.879999999999995,65.76,78.0,27.168000000000006,48.35999999999999,13.176,43.776,36.815999999999995,29.879999999999995,67.512,30.504000000000005,53.61600000000001,59.495999999999995,27.431999999999988,80.016,73.368,42.192000000000014,52.15200000000001,22.248000000000008,43.032000000000004,25.751999999999995,18.55200000000001,64.776,78.192,55.15200000000001
13.056000000000001,35.687999999999995,61.272,45.431999999999995,45.88799999999999,46.967999999999996,46.080000000000005,0.0,40.84799999999999,46.727999999999994,29.4,19.536,23.304,12.527999999999997,41.28000000000001,21.768,28.967999999999996,23.496,17.304,34.08,28.847999999999992,54.696,48.336,32.088,48.768,18.383999999999997,52.032,62.30399999999998,61.751999999999995,17.832000000000004,47.736,28.104,49.12799999999999,14.855999999999998,30.959999999999994,8.543999999999999,25.343999999999994,39.6,17.903999999999996,15.695999999999998,9.743999999999998,32.448,15.600000000000003,29.567999999999998,55.343999999999994,14.183999999999997,37.608000000000004,11.976000000000003,14.447999999999999,29.711999999999996,54.312,55.65599999999999,46.8,33.431999999999995,17.328,68.616,27.047999999999995,11.208,32.376,31.848,25.799999999999997,37.008,71.32800000000002,21.167999999999996,43.48799999999999,29.855999999999995,41.663999999999994,42.791999999999994,33.048,23.663999999999998,67.512,43.32,32.568,44.544,24.143999999999995,37.51199999999999,22.823999999999995,39.263999999999996,19.679999999999996,31.92,18.911999999999995,47.97599999999999,36.792,43.391999999999996,36.431999999999995,52.34399999999999,21.432,19.512,31.968,59.112,73.51199999999999,33.93599999999999,27.288,37.583999999999996,30.023999999999997,23.831999999999997,3.0479999999999987,27.095999999999993,27.527999999999995,18.695999999999998,32.111999999999995,13.056000000000001
49.91999999999999,5.159999999999997,36.455999999999996,26.04,5.040000000000004,31.511999999999997,19.008,40.84799999999999,0.0,66.11999999999999,48.791999999999994,57.263999999999996,17.543999999999997,28.319999999999997,55.727999999999994,41.16,19.08,64.34399999999998,32.279999999999994,53.472,47.279999999999994,15.767999999999995,67.728,26.232000000000003,68.16,47.95199999999999,71.42399999999999,37.919999999999995,27.479999999999993,28.24799999999999,67.128,68.95199999999998,8.280000000000006,25.991999999999994,50.35199999999999,42.815999999999995,15.503999999999998,58.99199999999999,30.72,51.263999999999996,48.52799999999999,51.84,56.44799999999999,48.959999999999994,28.223999999999997,49.99199999999999,78.45599999999999,52.82399999999999,39.263999999999996,11.664000000000003,41.35199999999999,14.808,66.192,52.82399999999999,58.175999999999995,27.768000000000004,46.43999999999999,45.71999999999999,51.768,51.24,15.047999999999995,26.112000000000002,30.48000000000001,50.16,62.87999999999999,42.0,35.23199999999999,62.18399999999999,48.936,64.512,26.664,28.247999999999994,8.279999999999994,50.447999999999986,62.78399999999999,78.36,47.016,22.367999999999995,60.52799999999999,72.768,31.008,67.368,5.831999999999999,62.784,55.82399999999999,48.88799999999999,62.27999999999999,38.904,51.35999999999999,78.504,32.664,74.78399999999999,68.136,56.976,49.416000000000004,34.344,37.8,44.76,13.319999999999997,59.544,72.96,49.91999999999999
33.672000000000004,62.44800000000001,41.807999999999986,92.16000000000001,64.48799999999999,93.696,47.112,46.727999999999994,66.11999999999999,0.0,17.328,66.264,65.376,39.912000000000006,21.815999999999995,24.960000000000004,47.04,42.96,33.84,12.648000000000003,18.840000000000003,50.352,2.3280000000000056,39.88799999999999,10.392,28.344000000000005,10.103999999999994,42.83999999999998,42.28799999999999,64.56000000000002,21.16800000000001,47.568,58.8,48.72,15.768000000000004,55.272,61.8,17.447999999999993,35.4,31.032000000000004,36.984,23.544,59.304,17.16,37.896,32.544000000000004,57.072,46.848000000000006,32.28,54.45599999999999,34.84799999999999,58.416000000000004,1.1759999999999942,13.296000000000001,53.208,49.152,19.680000000000007,35.52,19.104000000000003,14.880000000000003,65.376,40.008,51.864000000000004,28.776000000000003,6.215999999999993,24.120000000000005,88.392,25.776000000000003,17.184,43.12799999999999,48.04799999999999,90.04799999999999,68.25600000000001,25.07999999999999,41.4,56.976,25.632000000000005,85.99199999999999,39.144000000000005,51.384,35.112,16.176000000000005,60.28800000000001,12.887999999999993,12.839999999999995,32.879999999999995,60.38400000000001,27.215999999999998,27.000000000000004,12.383999999999995,54.04799999999999,53.400000000000006,56.111999999999995,15.576000000000004,25.536,31.776,45.84,21.360000000000003,62.736,63.84,51.576,33.672000000000004
34.29600000000001,45.11999999999999,36.04799999999999,74.832,47.16,76.368,29.784,29.4,48.791999999999994,17.328,0.0,48.936,48.048,22.584,16.055999999999994,22.800000000000008,29.712,48.720000000000006,16.512,4.679999999999998,3.623999999999991,33.024,18.935999999999996,22.559999999999995,19.368,32.328,22.631999999999994,37.07999999999999,36.528,47.232000000000006,26.928000000000008,53.327999999999996,41.472,31.392,1.6559999999999944,37.943999999999996,44.472,11.687999999999994,18.072,35.64,32.904,29.304000000000002,41.97599999999999,2.8559999999999945,30.11999999999999,34.36800000000001,62.83200000000001,37.20000000000001,23.640000000000004,37.12799999999999,29.087999999999994,41.088,17.4,14.112000000000005,42.552,43.391999999999996,7.104000000000006,30.096,24.864,2.7840000000000003,48.047999999999995,22.679999999999996,46.104,34.536,14.087999999999996,6.792000000000004,71.064,31.536000000000005,7.823999999999999,48.888,42.28799999999999,72.72,50.928000000000004,19.319999999999993,47.160000000000004,62.736000000000004,31.392000000000003,68.664,44.904,57.144000000000005,17.784,21.93600000000001,42.959999999999994,13.991999999999999,7.079999999999994,27.11999999999999,46.656,9.887999999999998,32.760000000000005,29.711999999999996,48.28799999999999,59.16,52.51199999999999,21.336000000000006,31.296,14.447999999999999,28.511999999999997,4.032000000000004,45.407999999999994,46.51199999999999,57.336,34.29600000000001
32.592000000000006,52.104,77.68799999999999,31.799999999999997,62.304,27.431999999999995,62.496,19.536,57.263999999999996,66.264,48.936,0.0,39.71999999999999,28.943999999999996,57.696,41.304,45.38399999999999,26.040000000000003,33.72,53.616,47.42399999999999,71.112,67.872,48.504,68.304,37.92,71.568,78.71999999999998,78.16799999999999,29.016,67.272,20.232,65.544,31.272,50.495999999999995,14.447999999999997,41.76,59.135999999999996,34.31999999999999,35.232,29.279999999999998,51.983999999999995,6.960000000000003,49.104,71.75999999999999,33.72,21.192,19.416,33.984,46.12799999999999,70.728,72.07199999999999,66.336,52.967999999999996,13.055999999999997,85.032,46.58399999999999,30.744,51.912000000000006,51.384,42.216,53.424,87.744,40.704,63.023999999999994,46.27199999999999,22.127999999999997,62.327999999999996,49.464,27.792,83.928,29.016,48.983999999999995,60.959999999999994,43.68,22.248,42.35999999999999,34.895999999999994,27.647999999999996,35.279999999999994,35.327999999999996,67.512,53.208,62.928,55.967999999999996,68.75999999999999,5.879999999999999,39.04800000000001,51.504,78.64799999999998,89.928,34.608,10.872,57.11999999999999,49.559999999999995,40.248,20.424000000000003,44.904,43.943999999999996,2.424000000000001,33.6,32.592000000000006
32.376,12.384,37.967999999999996,26.784,22.584,28.319999999999993,22.776000000000007,23.304,17.543999999999997,65.376,48.048,39.71999999999999,0.0,25.464000000000002,54.98400000000001,40.416,18.336000000000002,46.8,31.536,52.727999999999994,46.536,31.392,66.984,25.488000000000007,67.41600000000001,37.032000000000004,70.68,39.0,38.44800000000001,10.703999999999995,66.38399999999999,51.408,25.824,16.656000000000002,49.608000000000004,25.272000000000002,3.5760000000000005,58.248000000000005,29.976000000000003,34.344,30.983999999999998,51.096000000000004,38.904,48.21600000000001,32.04,32.832,60.91199999999999,35.279999999999994,33.096000000000004,10.920000000000005,40.608000000000004,32.352,65.44800000000001,52.080000000000005,40.632,45.312000000000005,45.696,29.856,51.024,50.495999999999995,2.496000000000002,25.368000000000002,48.02400000000001,39.815999999999995,62.135999999999996,41.25599999999999,23.015999999999995,61.44,48.192,46.967999999999996,44.208000000000006,24.671999999999997,9.264000000000003,49.704,45.24,60.815999999999995,41.472,20.615999999999996,42.984,55.224000000000004,30.264000000000003,66.624,13.488000000000001,62.04,55.08,48.14399999999999,44.736,38.160000000000004,50.616,77.75999999999999,50.208,57.239999999999995,50.59199999999999,56.232,48.672,33.6,20.255999999999997,44.016,4.223999999999999,42.0,55.416,32.376
21.599999999999998,23.16,48.74399999999999,52.248,33.36,53.78399999999999,33.55200000000001,12.527999999999997,28.319999999999997,39.912000000000006,22.584,28.943999999999996,25.464000000000002,0.0,29.52,14.951999999999998,16.439999999999998,36.023999999999994,6.071999999999998,27.263999999999996,21.072,42.168,41.51999999999999,19.560000000000006,41.952,19.631999999999998,45.21599999999999,49.775999999999996,49.224000000000004,24.648000000000007,40.919999999999995,40.632,36.6,8.808,24.143999999999995,15.359999999999998,21.888,32.784,5.376,22.943999999999996,20.207999999999995,25.631999999999998,28.128,22.752,42.815999999999995,21.672,50.135999999999996,24.504,10.943999999999997,17.184,41.784,43.12799999999999,39.984,26.616,29.855999999999998,56.088,20.231999999999996,17.399999999999995,25.56,25.031999999999996,25.464,24.480000000000004,58.800000000000004,21.84,36.67199999999999,17.327999999999996,48.48,35.976,22.728,36.19199999999999,54.983999999999995,50.135999999999996,28.344000000000005,32.016,34.464,50.04,18.695999999999998,46.08,32.20799999999999,44.448,6.384,41.16,24.264000000000003,36.576,29.615999999999993,39.815999999999995,33.959999999999994,12.696000000000002,25.152,52.29599999999999,60.983999999999995,46.464,39.815999999999995,30.767999999999994,23.208,11.304000000000002,9.479999999999999,18.551999999999996,22.823999999999995,31.223999999999997,44.63999999999999,21.599999999999998
50.352,52.05599999999999,19.991999999999994,81.768,54.096,83.304,36.72,41.28000000000001,55.727999999999994,21.815999999999995,16.055999999999994,57.696,54.98400000000001,29.52,0.0,38.856,36.648,64.776,23.976,19.92,12.432000000000002,39.96,24.144,29.495999999999995,12.431999999999999,48.384,15.695999999999993,21.023999999999994,28.248000000000005,54.168000000000006,42.98400000000001,69.38399999999999,48.408,38.328,14.399999999999999,44.879999999999995,51.408,4.368,25.008,51.696,48.959999999999994,45.35999999999999,56.879999999999995,13.2,27.504,50.424,78.888,53.256,39.696,44.064,14.376000000000005,48.024,20.640000000000004,30.168,58.60799999999999,32.663999999999994,23.16,46.151999999999994,40.919999999999995,18.839999999999993,54.983999999999995,29.616,30.048000000000005,50.59199999999999,15.600000000000001,13.728000000000005,78.0,47.59199999999999,8.231999999999994,64.94399999999999,32.28000000000001,79.65599999999999,57.864000000000004,5.2800000000000065,63.215999999999994,78.79199999999999,47.448,75.6,60.959999999999994,73.2,24.72,37.992000000000004,49.895999999999994,8.928,8.976,11.063999999999998,62.711999999999996,25.703999999999997,48.815999999999995,22.775999999999996,32.232,75.216,68.56799999999998,37.391999999999996,47.35199999999999,21.384,38.232,14.184000000000005,52.343999999999994,59.97599999999999,73.392,50.352
11.495999999999997,37.48799999999999,58.847999999999985,67.2,43.464,68.73599999999999,43.65600000000001,21.768,41.16,24.960000000000004,22.800000000000008,41.304,40.416,14.951999999999998,38.856,0.0,26.543999999999997,25.91999999999999,14.879999999999999,18.936,26.423999999999992,52.272,26.567999999999998,29.664,27.432000000000006,9.527999999999997,30.263999999999996,59.87999999999999,59.327999999999996,39.6,25.967999999999996,30.527999999999995,46.704,23.759999999999994,24.456000000000003,30.311999999999998,36.839999999999996,34.488,15.48,12.839999999999996,12.024,10.680000000000001,34.343999999999994,25.656000000000002,52.91999999999999,11.568,40.032,21.887999999999998,7.319999999999999,29.49599999999999,51.88799999999999,53.232,25.031999999999996,11.664,28.247999999999998,66.192,15.696,10.559999999999999,10.608000000000002,20.01600000000001,40.41599999999999,34.584,68.904,11.735999999999999,23.255999999999997,27.432,63.431999999999995,21.023999999999997,30.624000000000002,26.088,65.088,65.088,43.296,42.12,24.359999999999996,39.936,8.592,61.032,22.103999999999996,34.343999999999994,16.488,26.207999999999995,35.327999999999996,29.927999999999997,29.879999999999995,49.91999999999999,35.424,13.152000000000003,10.2,37.343999999999994,71.088,36.35999999999999,31.152,15.815999999999999,8.495999999999997,21.408000000000005,20.88,24.671999999999993,37.77599999999999,38.879999999999995,34.536,11.495999999999997
38.04,15.407999999999994,32.303999999999995,45.11999999999999,17.447999999999997,46.65599999999999,17.11200000000001,28.967999999999996,19.08,47.04,29.712,45.38399999999999,18.336000000000002,16.439999999999998,36.648,26.543999999999997,0.0,52.464,13.2,34.391999999999996,28.2,25.728,48.647999999999996,7.152000000000005,49.080000000000005,36.071999999999996,52.343999999999994,33.336,32.784000000000006,17.520000000000003,48.04799999999999,57.072,20.160000000000004,14.111999999999997,31.272,30.936,14.76,39.912000000000006,11.640000000000002,39.38399999999999,36.647999999999996,33.047999999999995,44.568,29.880000000000003,26.375999999999998,38.112,66.576,40.943999999999996,27.383999999999993,7.415999999999995,25.344,26.687999999999995,47.112,33.744,46.296,39.648,27.359999999999996,33.839999999999996,32.688,32.16,18.335999999999995,8.040000000000008,42.360000000000014,38.279999999999994,43.8,22.919999999999998,41.35199999999999,43.104,29.856,52.632,38.544000000000004,43.008,21.216000000000005,31.367999999999995,50.903999999999996,66.47999999999999,35.136,38.95199999999999,48.647999999999996,60.888,11.928,48.28799999999999,13.247999999999998,43.704,36.74399999999999,29.808,50.4,19.824,36.504,59.42399999999999,44.544000000000004,62.90399999999999,56.25599999999999,37.895999999999994,35.03999999999999,15.264000000000003,25.919999999999995,25.679999999999996,15.695999999999993,47.663999999999994,61.08,38.04
14.424,59.184,84.768,51.936,69.38399999999999,53.471999999999994,69.57600000000001,23.496,64.34399999999998,42.96,48.720000000000006,26.040000000000003,46.8,36.023999999999994,64.776,25.91999999999999,52.464,0.0,40.8,44.855999999999995,52.343999999999994,78.192,41.832,55.584,53.352000000000004,16.392,53.06399999999999,85.8,85.24799999999999,36.096000000000004,41.232,5.808000000000001,72.624,38.352,50.376000000000005,21.527999999999995,48.83999999999999,60.408,41.4,13.08,15.815999999999999,25.943999999999996,19.08,51.576,78.84,14.351999999999997,14.112000000000002,11.519999999999998,25.08,53.208,77.808,79.152,44.136,34.608,12.984,92.11200000000001,41.616,18.624000000000002,25.871999999999996,45.936,49.29599999999999,60.504,94.82400000000001,14.663999999999996,49.175999999999995,53.35199999999999,48.168,36.288000000000004,56.544000000000004,1.752000000000001,91.008,49.82399999999999,56.06400000000001,68.04,17.639999999999997,14.015999999999998,17.327999999999996,45.768,3.8159999999999994,9.239999999999998,42.407999999999994,41.471999999999994,60.288,55.848,55.8,75.84,20.160000000000004,39.072,25.464,52.608000000000004,97.008,10.44,15.888000000000002,31.08,23.52,47.327999999999996,26.543999999999997,50.59199999999999,51.023999999999994,23.616,8.616000000000001,14.424
26.375999999999994,28.607999999999993,43.967999999999996,58.31999999999999,30.647999999999996,59.855999999999995,28.776000000000007,17.304,32.279999999999994,33.84,16.512,33.72,31.536,6.071999999999998,23.976,14.879999999999999,13.2,40.8,0.0,21.192,15.0,37.391999999999996,35.448,14.784000000000004,35.88,24.407999999999994,39.144,45.0,44.44800000000001,30.72,34.848,45.408,31.824,14.879999999999997,18.072,21.432,27.96,26.712,1.5599999999999965,27.719999999999995,24.983999999999998,21.383999999999997,32.904,16.680000000000003,38.04,26.447999999999997,54.91199999999999,29.279999999999998,15.719999999999997,20.615999999999996,37.007999999999996,38.352,33.912,20.544,34.632,51.312000000000005,14.159999999999997,22.175999999999995,19.488000000000003,18.96,31.535999999999994,19.704000000000004,54.02400000000001,26.616,30.599999999999998,12.551999999999996,54.55199999999999,29.904,16.656000000000002,40.967999999999996,50.208,56.208,34.416000000000004,27.24,39.24,54.815999999999995,23.472,52.15199999999999,36.984,49.22399999999999,1.6079999999999997,35.087999999999994,26.447999999999997,30.504,23.543999999999997,35.04,38.736,6.624000000000003,24.839999999999996,46.224,56.208,51.239999999999995,44.59199999999999,24.695999999999998,23.375999999999994,6.528000000000001,14.255999999999998,12.479999999999997,28.895999999999994,36.0,49.416,26.375999999999994
30.432,49.8,39.912,79.51199999999999,51.84,81.04799999999999,34.464,34.08,53.472,12.648000000000003,4.679999999999998,53.616,52.727999999999994,27.263999999999996,19.92,18.936,34.391999999999996,44.855999999999995,21.192,0.0,7.487999999999998,37.704,14.255999999999998,27.239999999999995,14.688000000000002,28.464,17.951999999999995,40.943999999999996,40.392,51.912000000000006,23.063999999999997,49.464,46.15200000000001,36.071999999999996,5.520000000000001,42.623999999999995,49.152,15.552,22.751999999999995,31.775999999999996,29.039999999999992,25.439999999999994,46.65599999999999,6.7200000000000015,33.984,30.504,58.967999999999996,34.199999999999996,19.775999999999996,41.80799999999999,32.952,45.768,12.719999999999999,10.248,40.559999999999995,47.256,7.032000000000004,26.231999999999992,20.999999999999996,2.2319999999999993,52.727999999999994,27.359999999999996,49.968,30.671999999999997,9.407999999999998,11.472000000000003,75.744,27.671999999999993,11.688000000000006,45.023999999999994,46.152,77.39999999999999,55.608000000000004,23.184,43.296,58.872,27.527999999999995,73.344,41.03999999999999,53.27999999999999,22.464,18.072,47.64,10.991999999999999,10.944,30.983999999999998,47.736,14.567999999999996,28.895999999999997,25.031999999999996,52.152,55.29599999999999,48.64799999999999,17.471999999999998,27.431999999999995,19.127999999999997,33.19199999999999,8.712000000000002,50.087999999999994,51.19199999999999,53.471999999999994,30.432
37.919999999999995,43.608,32.424,73.32,45.647999999999996,74.856,28.272,28.847999999999992,47.279999999999994,18.840000000000003,3.623999999999991,47.42399999999999,46.536,21.072,12.432000000000002,26.423999999999992,28.2,52.343999999999994,15.0,7.487999999999998,0.0,31.512,20.447999999999997,21.047999999999995,20.880000000000003,35.95199999999999,24.143999999999995,33.455999999999996,32.904,45.720000000000006,30.552,56.95199999999999,39.96,29.879999999999995,3.0719999999999983,36.431999999999995,42.959999999999994,11.712000000000002,16.559999999999995,39.263999999999996,36.528,32.92799999999999,44.447999999999986,1.6800000000000024,26.496000000000002,37.992,66.45599999999999,40.82399999999999,27.263999999999992,35.61599999999999,25.464000000000002,39.576,18.912,17.735999999999997,46.17599999999999,39.768,10.727999999999996,33.71999999999999,28.487999999999992,6.407999999999991,46.536,21.167999999999996,42.480000000000004,38.16,15.599999999999998,5.280000000000002,69.55199999999999,35.16,4.200000000000008,52.511999999999986,38.663999999999994,71.208,49.416000000000004,15.696000000000002,50.78399999999999,66.36,35.016,67.15199999999999,48.52799999999999,60.76799999999999,16.272,25.56,41.448,15.504000000000001,8.543999999999997,23.496000000000002,50.27999999999999,13.271999999999993,36.38399999999999,31.223999999999997,44.663999999999994,62.78399999999999,56.13599999999999,24.959999999999994,34.919999999999995,12.935999999999996,26.999999999999993,2.520000000000002,43.895999999999994,47.54399999999999,60.959999999999994,37.919999999999995
63.768,19.008,20.688000000000002,41.80799999999999,14.135999999999996,45.36000000000001,8.61599999999999,54.696,15.767999999999995,50.352,33.024,71.112,31.392,42.168,39.96,52.272,25.728,78.192,37.391999999999996,37.704,31.512,0.0,51.959999999999994,22.607999999999993,52.392,61.8,55.65599999999999,22.152,11.711999999999998,42.096,56.4,82.8,8.448000000000002,39.84,34.583999999999996,56.663999999999994,29.352,43.224000000000004,36.792,65.112,62.376000000000005,58.776,70.29599999999999,33.192,12.456000000000003,63.84,92.304,66.672,53.111999999999995,24.983999999999998,25.584,8.063999999999998,50.424,43.583999999999996,72.02399999999999,13.920000000000002,36.576,59.568,54.336,35.472,28.895999999999997,17.68799999999999,16.63200000000001,64.008,47.111999999999995,26.232,49.08,61.007999999999996,33.168000000000006,78.36,12.815999999999999,42.096,22.127999999999997,34.68,76.63199999999999,92.208,60.864,36.216,74.376,86.616,35.784,51.599999999999994,17.903999999999996,47.016000000000005,40.05599999999999,33.12,76.128,39.11999999999999,62.232,62.736,18.816,88.63199999999999,81.984,50.808,60.768,30.863999999999997,51.647999999999996,28.991999999999997,27.168,73.392,86.808,63.768
35.279999999999994,64.056,44.136,93.768,66.09599999999999,95.30399999999999,48.71999999999999,48.336,67.728,2.3280000000000056,18.935999999999996,67.872,66.984,41.51999999999999,24.144,26.567999999999998,48.647999999999996,41.832,35.448,14.255999999999998,20.447999999999997,51.959999999999994,0.0,41.495999999999995,12.720000000000006,29.951999999999998,12.431999999999999,45.168,44.616,66.16799999999999,18.84,47.63999999999999,60.408,50.327999999999996,17.376,56.87999999999999,63.408,19.776,37.007999999999996,32.64,38.59199999999999,21.215999999999994,60.911999999999985,18.767999999999997,39.50399999999999,34.152,54.744,48.45599999999999,33.888,56.06399999999999,37.176,60.024,3.5039999999999996,14.903999999999996,54.81599999999999,51.480000000000004,21.288,37.12799999999999,16.775999999999996,16.487999999999996,66.984,41.61599999999999,54.19200000000001,27.168,8.543999999999999,25.728,90.0,23.447999999999997,18.791999999999994,40.8,50.37599999999999,91.65599999999999,69.864,27.407999999999998,39.072,54.647999999999996,25.511999999999997,87.6,40.224,49.05599999999999,36.72,13.848,61.895999999999994,15.216,15.168,35.208,61.99199999999999,28.823999999999995,24.671999999999997,10.776,56.37599999999999,51.072,57.71999999999999,13.247999999999998,23.207999999999995,33.38399999999999,47.447999999999986,22.968,64.34399999999998,65.448,49.248,35.279999999999994
41.160000000000004,22.56,29.18399999999999,52.272,24.6,53.808,13.992000000000004,32.088,26.232000000000003,39.88799999999999,22.559999999999995,48.504,25.488000000000007,19.560000000000006,29.495999999999995,29.664,7.152000000000005,55.584,14.784000000000004,27.239999999999995,21.047999999999995,22.607999999999993,41.495999999999995,0.0,41.928,39.192,45.19199999999999,30.21599999999999,29.663999999999998,24.67200000000001,40.895999999999994,60.192,18.91200000000001,17.232000000000003,24.11999999999999,34.056000000000004,21.912000000000006,32.76,14.184000000000005,42.504,39.768,36.168,47.68800000000001,22.727999999999998,23.255999999999993,41.232000000000006,69.696,44.06400000000001,30.504,14.568,22.223999999999993,23.56799999999999,39.959999999999994,26.591999999999995,49.416000000000004,36.528,20.20799999999999,36.96,31.728,25.007999999999996,25.488,4.920000000000002,39.24,41.4,36.64799999999999,15.767999999999992,48.504,38.4,22.703999999999997,55.751999999999995,35.42399999999999,50.160000000000004,28.36800000000001,24.21599999999999,54.024,69.6,38.25600000000001,46.104,51.768,64.008,13.176000000000004,41.13599999999999,20.400000000000002,36.55199999999999,29.59199999999999,22.655999999999995,53.519999999999996,16.512,39.624,52.27199999999999,41.42399999999999,66.02399999999999,59.376000000000005,30.743999999999993,38.16,8.256000000000002,29.040000000000003,18.52799999999999,22.848,50.784000000000006,64.2,41.160000000000004
38.928000000000004,64.48799999999999,31.704,94.2,66.52799999999999,95.736,49.152,48.768,68.16,10.392,19.368,68.304,67.41600000000001,41.952,12.431999999999999,27.432000000000006,49.080000000000005,53.352000000000004,35.88,14.688000000000002,20.880000000000003,52.392,12.720000000000006,41.928,0.0,36.96,3.263999999999994,32.447999999999986,40.68000000000001,66.60000000000001,31.560000000000002,57.959999999999994,60.84,50.75999999999999,17.808000000000003,57.312,63.84,9.168000000000001,37.44,40.272,39.024,33.936,61.343999999999994,19.2,39.936,39.00000000000001,67.464,48.888,34.32,56.495999999999995,26.808000000000003,60.456,9.216000000000006,18.744000000000003,55.248,45.096,21.720000000000006,37.56,29.496000000000002,16.92,67.416,42.047999999999995,41.472,39.168,5.280000000000005,26.160000000000004,90.432,36.168,19.224,53.519999999999996,44.712,92.08800000000001,70.296,17.712000000000007,51.792,67.36800000000001,36.024,88.032,49.536,61.776,37.152,26.56800000000001,62.327999999999996,5.376,12.336000000000006,22.487999999999992,62.424,29.255999999999997,37.392,10.343999999999996,43.65599999999999,63.792,58.152,25.968000000000004,35.928,33.815999999999995,47.879999999999995,23.400000000000002,64.776,65.88,61.967999999999996,38.928000000000004
5.327999999999997,42.791999999999994,68.37599999999999,63.815999999999995,52.99199999999999,65.35199999999999,53.184000000000005,18.383999999999997,47.95199999999999,28.344000000000005,32.328,37.92,37.032000000000004,19.631999999999998,48.384,9.527999999999997,36.071999999999996,16.392,24.407999999999994,28.464,35.95199999999999,61.8,29.951999999999998,39.192,36.96,0.0,36.67199999999999,69.40799999999999,68.856,36.21600000000001,29.351999999999997,21.0,56.232,21.96,33.984,26.927999999999997,33.456,44.016,25.007999999999996,3.3119999999999994,8.639999999999999,14.064000000000002,30.959999999999994,35.184,62.44799999999999,4.2,30.504,18.503999999999998,8.688,36.815999999999995,61.416,62.75999999999999,28.415999999999997,18.215999999999998,24.863999999999997,75.72,25.223999999999993,7.175999999999998,13.992,29.544000000000004,37.032,44.112,78.43200000000002,2.783999999999998,32.78399999999999,36.959999999999994,60.047999999999995,24.407999999999998,40.152,16.56,74.616,61.704,39.912000000000006,51.647999999999996,14.832,30.407999999999998,4.439999999999999,57.647999999999996,12.576,24.816,26.016,29.591999999999995,43.895999999999994,39.455999999999996,39.407999999999994,59.44799999999999,32.04,22.679999999999996,13.584,40.727999999999994,80.616,26.831999999999997,27.768,19.2,11.640000000000002,30.936,17.495999999999995,34.19999999999999,34.632,35.495999999999995,25.008000000000003,5.327999999999997
38.97599999999999,67.752,34.967999999999996,97.464,69.79199999999999,99.0,52.41599999999999,52.032,71.42399999999999,10.103999999999994,22.631999999999994,71.568,70.68,45.21599999999999,15.695999999999993,30.263999999999996,52.343999999999994,53.06399999999999,39.144,17.951999999999995,24.143999999999995,55.65599999999999,12.431999999999999,45.19199999999999,3.263999999999994,36.67199999999999,0.0,33.504,43.944,69.86399999999999,31.272000000000002,57.67199999999999,64.104,54.023999999999994,21.072,60.575999999999986,67.104,12.431999999999995,40.70399999999999,39.98399999999999,42.288000000000004,33.647999999999996,64.60799999999999,22.463999999999995,43.199999999999996,38.711999999999996,67.176,52.15199999999999,37.583999999999996,59.75999999999999,30.071999999999996,63.72,8.927999999999999,18.599999999999994,58.511999999999986,48.35999999999999,24.983999999999998,40.82399999999999,29.207999999999995,20.183999999999994,70.67999999999999,45.31199999999999,41.76000000000001,38.879999999999995,8.543999999999999,29.424,93.696,35.879999999999995,22.487999999999992,53.232,47.97599999999999,95.35199999999999,73.55999999999999,20.976,51.504,67.08,35.736,91.29599999999999,49.24799999999999,61.48799999999999,40.41599999999999,26.279999999999998,65.592,8.639999999999995,15.6,22.776,65.68799999999999,32.51999999999999,37.104,9.671999999999999,46.487999999999985,63.504,61.41599999999999,25.679999999999996,35.63999999999999,37.07999999999999,51.14399999999999,26.663999999999998,68.03999999999998,69.14399999999999,61.67999999999999,38.97599999999999
71.37599999999999,34.24799999999999,1.4639999999999986,63.959999999999994,36.288,65.496,18.911999999999995,62.30399999999998,37.919999999999995,42.83999999999998,37.07999999999999,78.71999999999998,39.0,49.775999999999996,21.023999999999994,59.87999999999999,33.336,85.8,45.0,40.943999999999996,33.455999999999996,22.152,45.168,30.21599999999999,32.447999999999986,69.40799999999999,33.504,0.0,10.440000000000003,49.70399999999999,64.008,90.40799999999999,30.6,47.447999999999986,35.42399999999999,64.27199999999999,36.959999999999994,25.391999999999996,44.4,72.71999999999998,69.984,66.38399999999999,77.90399999999998,34.224,9.695999999999998,71.448,99.91199999999998,74.28,60.71999999999999,32.59199999999999,7.9919999999999956,30.215999999999998,41.663999999999994,51.19199999999999,79.63199999999998,14.855999999999995,44.18399999999999,67.17599999999999,61.94399999999999,39.86399999999999,37.175999999999995,25.29599999999999,9.024000000000012,71.61599999999999,36.623999999999995,32.448,60.19199999999999,68.61599999999999,29.25599999999999,85.96799999999998,14.472000000000001,61.848,40.056000000000004,17.759999999999994,84.23999999999998,99.816,68.472,57.791999999999994,81.984,94.22399999999999,43.391999999999996,59.016,32.087999999999994,29.951999999999995,29.999999999999993,10.968,83.736,46.727999999999994,69.83999999999999,42.407999999999994,12.983999999999991,96.23999999999998,89.592,58.416,68.37599999999999,38.471999999999994,59.25599999999999,35.208,34.775999999999996,81.0,94.41599999999998,71.37599999999999
