0.0,20.616,18.000000000000004,55.91999999999999,44.687999999999995,18.287999999999997,12.192000000000004,17.28,60.24,48.48,20.952,54.696,42.55200000000001,34.488,24.983999999999995,26.520000000000003,42.55200000000001,53.208,43.943999999999996,19.656,8.4,50.232,35.808,28.92,62.952000000000005,13.679999999999996,37.056,40.967999999999996,33.431999999999995,22.199999999999996,19.656000000000002,57.959999999999994,10.799999999999999,36.72,31.991999999999997,33.504,38.279999999999994,74.568,53.376000000000005,22.344,25.247999999999998,14.951999999999996,63.263999999999996,18.768,52.15200000000001,38.904,12.840000000000003,53.808,15.359999999999996,50.4,6.792,36.864000000000004,27.983999999999998,37.104,39.023999999999994,8.352,19.679999999999996,10.823999999999995,56.519999999999996,24.455999999999996,30.912,21.12,28.656,74.44800000000001,40.272,44.424,40.344,61.44,18.720000000000002,40.05600000000001,25.536,41.184,50.232,43.440000000000005,80.44800000000001,23.208000000000002,12.408,44.904,67.2,59.688,61.848000000000006,41.136,18.168,65.352,34.824000000000005,20.496000000000002,20.016,27.552,21.240000000000002,57.84,41.016000000000005,28.92,10.296,29.999999999999993,47.85600000000001,37.32,57.648,37.68,12.792,57.264,50.04,0.0
20.616,0.0,22.584000000000003,60.504,49.272,15.576,16.776000000000003,7.176000000000002,64.824,53.06399999999999,41.568,34.08,47.136,39.072,45.6,36.096000000000004,47.136,57.791999999999994,30.432,20.880000000000003,16.584,42.0,56.42399999999999,28.464,67.536,19.655999999999995,57.67199999999999,61.58399999999999,25.104,17.615999999999996,15.072000000000003,37.344,11.831999999999999,41.304,11.376,38.088,42.864,79.15199999999999,34.248000000000005,4.848000000000003,11.4,35.568,42.647999999999996,23.352,56.736,21.504,17.424000000000003,58.392,25.511999999999997,29.784000000000002,27.407999999999998,30.168000000000003,7.368000000000002,57.71999999999999,43.608000000000004,22.823999999999995,40.296,31.439999999999994,35.904,29.04,51.52799999999999,25.704,12.408,79.032,44.855999999999995,45.74400000000001,60.959999999999994,40.82399999999999,30.504,44.687999999999995,20.952,45.768,54.815999999999995,48.023999999999994,85.03200000000001,27.792,33.024,24.287999999999997,71.78399999999999,64.272,66.432,61.751999999999995,8.304000000000002,44.736,38.784,23.639999999999997,3.6240000000000014,6.9360000000000035,16.272000000000002,62.424,45.6,12.143999999999998,10.319999999999999,25.415999999999993,52.44,33.552,62.232,42.263999999999996,33.408,61.848000000000006,54.624,20.616
18.000000000000004,22.584000000000003,0.0,37.919999999999995,26.68799999999999,7.008000000000004,5.808,15.408000000000001,42.24,30.479999999999993,32.28,43.368,24.552,20.616,36.312,26.808000000000003,24.552,35.20799999999999,32.616,8.327999999999998,9.600000000000003,38.904,47.136,17.592,44.95199999999999,31.679999999999996,48.384,52.29599999999999,22.103999999999996,40.199999999999996,37.656000000000006,46.632,10.752000000000004,18.71999999999999,20.663999999999998,21.744,20.279999999999994,56.568,42.047999999999995,17.736,33.984,26.279999999999998,51.936,0.7679999999999964,34.152,27.576,6.455999999999999,35.80799999999999,33.36,39.072,22.680000000000007,25.536,16.656,48.431999999999995,21.023999999999994,13.535999999999996,31.008,22.151999999999997,45.19199999999999,18.696000000000005,42.24,13.487999999999998,17.327999999999996,56.447999999999986,26.064,33.096,51.672,50.112,21.216000000000005,35.4,43.536,23.184,32.23199999999999,25.439999999999994,62.44799999999999,10.392,23.736,33.57599999999999,49.199999999999996,41.687999999999995,43.848,52.464,14.280000000000001,54.023999999999994,23.496000000000002,9.168000000000001,18.96,27.839999999999996,9.912,39.84,29.303999999999995,17.592,27.528000000000006,48.0,29.856,25.991999999999997,39.64799999999999,19.679999999999996,24.12,39.263999999999996,32.03999999999999,18.000000000000004
55.91999999999999,60.504,37.919999999999995,0.0,11.232000000000001,44.928,43.727999999999994,53.327999999999996,15.119999999999994,20.639999999999997,56.568,40.05599999999999,13.367999999999995,24.599999999999998,43.65599999999999,30.792,13.367999999999995,33.48,30.071999999999996,39.623999999999995,47.51999999999999,34.919999999999995,51.12,32.04,7.032000000000002,69.6,52.367999999999995,56.279999999999994,35.4,78.11999999999999,75.57600000000001,42.647999999999996,48.672,21.264,55.51199999999999,25.728000000000005,17.64,18.648,38.06399999999999,55.65599999999999,71.904,47.59199999999999,47.95199999999999,37.151999999999994,13.560000000000006,39.0,43.07999999999999,21.791999999999994,71.27999999999999,43.872,60.599999999999994,30.335999999999995,54.48,52.416,16.896,47.568,58.704,47.11199999999999,41.20799999999999,31.464,47.952,34.8,48.096,18.528000000000002,22.08,29.111999999999995,55.656,46.12799999999999,37.199999999999996,39.384,81.45599999999999,14.735999999999997,16.391999999999996,18.384,24.528000000000006,32.71199999999999,47.111999999999995,53.928,11.280000000000003,22.584000000000007,19.896000000000004,56.44799999999999,52.199999999999996,50.03999999999999,21.720000000000002,36.864,56.879999999999995,65.75999999999999,44.232,17.423999999999996,25.319999999999997,48.36,65.448,85.91999999999999,33.456,26.951999999999998,12.191999999999997,18.239999999999995,49.895999999999994,20.448000000000008,35.879999999999995,55.91999999999999
44.687999999999995,49.272,26.68799999999999,11.232000000000001,0.0,33.696,32.495999999999995,42.096,19.487999999999996,25.008,45.336,43.752,13.319999999999999,20.232,35.928,26.424000000000003,10.152,29.111999999999995,33.0,28.391999999999996,36.288,39.288000000000004,46.752,20.808,18.264000000000003,58.36799999999999,48.0,51.91199999999999,24.167999999999996,66.88799999999999,64.34400000000001,47.016,37.44,16.895999999999997,44.279999999999994,21.36,6.4079999999999995,29.879999999999995,42.431999999999995,44.42399999999999,60.672,36.35999999999999,52.32,25.919999999999995,9.192000000000004,27.96,31.847999999999992,26.159999999999997,60.04799999999999,39.456,49.367999999999995,25.92,43.24799999999999,48.047999999999995,6.191999999999996,36.336,47.472,35.879999999999995,45.57599999999999,20.232,41.856,23.567999999999994,36.864,29.760000000000005,26.447999999999997,33.48,51.288,50.495999999999995,25.967999999999996,35.016,70.224,8.735999999999999,20.76,14.015999999999998,35.760000000000005,21.479999999999993,35.879999999999995,42.696,22.512,18.216000000000005,17.160000000000007,52.08,40.967999999999996,54.407999999999994,23.880000000000003,25.631999999999998,45.64799999999999,54.52799999999999,32.99999999999999,21.791999999999994,29.687999999999995,37.128,54.215999999999994,74.68799999999999,29.088,26.375999999999998,16.56,7.007999999999996,38.663999999999994,16.080000000000002,31.511999999999997,44.687999999999995
18.287999999999997,15.576,7.008000000000004,44.928,33.696,0.0,6.287999999999998,8.399999999999997,49.248000000000005,37.488,39.24,36.408,31.560000000000002,27.575999999999993,43.27199999999999,33.768,31.560000000000002,42.21600000000001,25.656000000000002,5.304000000000002,14.255999999999998,31.944,54.096,12.887999999999998,51.959999999999994,24.671999999999993,55.343999999999994,59.25599999999999,15.144,33.19199999999999,30.648000000000003,39.672000000000004,7.487999999999998,25.727999999999994,13.704,28.703999999999997,27.287999999999997,63.576,35.088,10.727999999999996,26.976,33.239999999999995,44.976000000000006,7.776,41.160000000000004,20.616000000000003,13.415999999999995,42.815999999999995,26.351999999999997,32.112,25.08,18.576,9.696000000000003,55.391999999999996,28.031999999999996,20.49599999999999,37.967999999999996,29.11199999999999,38.232,25.656000000000002,49.199999999999996,20.447999999999993,10.368,63.456,29.28,30.168,58.632,43.15200000000001,28.176,42.35999999999999,36.528000000000006,30.192000000000004,39.24,32.448,69.456,17.351999999999997,30.695999999999998,26.616,56.208,48.696,50.856,59.42399999999999,7.2719999999999985,47.064,23.208,8.063999999999998,11.951999999999998,20.831999999999997,2.9520000000000053,46.848000000000006,30.023999999999997,10.632000000000001,20.52,40.992,36.864000000000004,19.032000000000004,46.65599999999999,26.688000000000002,31.08,46.272,39.04799999999999,18.287999999999997
12.192000000000004,16.776000000000003,5.808,43.727999999999994,32.495999999999995,6.287999999999998,0.0,9.600000000000001,48.047999999999995,36.28799999999999,32.952,42.696,30.359999999999996,22.295999999999992,36.983999999999995,27.48,30.359999999999996,41.01599999999999,31.944,7.655999999999999,7.968,38.232,47.808,16.92,50.75999999999999,25.872,49.05599999999999,52.967999999999996,21.432,34.391999999999996,31.848000000000006,45.96,4.944000000000005,24.52799999999999,19.992,22.416,26.087999999999994,62.37599999999999,41.376000000000005,11.928,28.176000000000002,26.951999999999995,51.263999999999996,6.575999999999996,39.959999999999994,26.904,7.127999999999997,41.61599999999999,27.552,38.4,18.791999999999998,24.863999999999997,15.984000000000002,49.104,26.831999999999994,14.207999999999995,31.679999999999996,22.823999999999995,44.51999999999999,19.368000000000006,42.912000000000006,14.159999999999997,16.656,62.25599999999999,28.08,32.424,52.344,49.44,21.888,36.071999999999996,37.728,28.991999999999994,38.03999999999999,31.247999999999994,68.25599999999999,11.063999999999998,24.407999999999998,32.903999999999996,55.007999999999996,47.495999999999995,49.656,53.135999999999996,8.472000000000003,53.352,22.824,8.496000000000002,13.152000000000003,22.032,9.240000000000004,45.647999999999996,28.823999999999995,16.919999999999998,21.720000000000002,42.19199999999999,35.664,25.32,45.455999999999996,25.487999999999996,24.791999999999998,45.072,37.84799999999999,12.192000000000004
17.28,7.176000000000002,15.408000000000001,53.327999999999996,42.096,8.399999999999997,9.600000000000001,0.0,57.647999999999996,45.88799999999999,38.232,37.416,39.96,31.895999999999997,42.263999999999996,32.760000000000005,39.96,50.616,26.663999999999998,13.703999999999999,13.248000000000001,34.82399999999999,53.088,21.287999999999993,60.35999999999999,16.319999999999997,54.336,58.248,17.927999999999997,24.791999999999998,22.248000000000008,40.68000000000001,6.48,34.12799999999999,14.712,30.912,35.687999999999995,71.976,36.096,5.064000000000001,18.576,32.232,45.984,16.176,49.56,21.624000000000002,12.407999999999998,51.215999999999994,22.175999999999995,33.12,24.072000000000003,22.992000000000004,10.704000000000002,54.384,36.431999999999995,19.487999999999992,36.959999999999994,28.103999999999992,39.24,24.648000000000007,48.192,19.439999999999994,11.375999999999998,71.856,37.68,38.568,57.624,44.16,27.168,41.352,28.128000000000004,38.59199999999999,47.63999999999999,40.848,77.856,20.616,29.688000000000002,27.624,64.608,57.096,59.256,58.416,1.1279999999999994,48.072,31.607999999999993,16.463999999999995,3.552000000000001,12.431999999999999,9.096,55.248,38.42399999999999,11.639999999999999,12.120000000000001,32.59199999999999,45.264,26.375999999999994,55.05599999999999,35.088,30.072000000000003,54.672,47.448,17.28
60.24,64.824,42.24,15.119999999999994,19.487999999999996,49.248000000000005,48.047999999999995,57.647999999999996,0.0,11.760000000000005,60.888,44.376000000000005,17.688,39.71999999999999,55.41599999999999,45.912000000000006,17.688,48.599999999999994,34.392,43.944,51.84,22.824,66.24,36.36000000000001,8.999999999999998,73.92,67.48799999999999,71.39999999999999,39.72,82.44,79.89600000000002,27.671999999999997,52.992000000000004,36.38399999999999,59.831999999999994,40.848,21.960000000000004,16.439999999999998,30.576,59.976,76.224,51.912000000000006,32.832,41.472,28.68,43.32,47.4,6.672000000000001,75.6,48.192,64.92,34.656,58.8,67.536,25.679999999999993,51.888,63.024,51.431999999999995,31.848,37.800000000000004,61.344,39.12,52.416000000000004,29.567999999999998,19.968,19.080000000000002,70.776,42.815999999999995,41.52,54.504,85.776,19.056,10.008000000000004,33.504,20.208,37.032,51.431999999999995,58.248000000000005,16.416,37.704,35.016,71.568,56.519999999999996,41.256,26.040000000000003,41.184000000000005,61.199999999999996,70.08,48.552,2.400000000000001,19.224000000000004,52.68000000000001,69.768,90.24,48.576,31.272000000000002,2.927999999999996,22.56,54.21600000000001,35.568,51.0,60.24
48.48,53.06399999999999,30.479999999999993,20.639999999999997,25.008,37.488,36.28799999999999,45.88799999999999,11.760000000000005,0.0,56.903999999999996,32.616,11.688000000000002,45.24,60.936,51.431999999999995,14.856000000000002,54.11999999999999,22.631999999999998,32.184,40.08,14.279999999999998,71.75999999999999,24.599999999999998,14.520000000000001,62.16,73.008,76.91999999999999,27.959999999999994,70.67999999999999,68.136,22.008,41.232,41.904,48.072,46.368,19.368,26.087999999999997,18.815999999999995,48.21599999999999,64.464,50.903999999999996,27.311999999999998,29.711999999999996,34.2,31.559999999999995,35.63999999999999,5.328000000000002,63.83999999999999,36.431999999999995,53.16,22.895999999999997,47.04,73.056,31.199999999999996,40.12799999999999,55.632,46.775999999999996,20.567999999999994,43.32000000000001,66.86399999999999,38.111999999999995,40.65599999999999,35.088,8.207999999999998,8.471999999999998,76.29599999999999,31.055999999999997,45.84,60.023999999999994,74.01599999999999,16.272000000000002,4.248,39.023999999999994,31.968000000000004,35.016,48.35999999999999,46.48799999999999,21.936,43.224000000000004,40.536,77.088,44.76,29.495999999999995,14.279999999999998,29.424,49.43999999999999,58.31999999999999,36.791999999999994,9.360000000000003,7.463999999999999,40.92,58.007999999999996,78.47999999999999,54.096,19.511999999999997,9.168000000000001,22.56,48.744,41.088,56.51999999999999,48.48
20.952,41.568,32.28,56.568,45.336,39.24,32.952,38.232,60.888,56.903999999999996,0.0,75.648,45.21600000000001,35.135999999999996,12.912,27.168000000000003,43.199999999999996,53.855999999999995,64.896,40.608000000000004,24.983999999999998,71.18400000000001,22.823999999999998,49.872,63.599999999999994,21.912000000000006,21.431999999999995,29.136000000000003,54.384,29.664,36.096,78.91199999999999,31.752,37.367999999999995,52.944,34.152,38.928,75.216,74.32799999999999,43.296,46.199999999999996,8.976,84.21600000000001,31.560000000000002,52.8,59.85600000000001,25.824,58.056,16.056,71.352,14.16,57.816,48.936,20.855999999999998,39.672000000000004,18.744000000000003,2.1360000000000015,10.128000000000005,77.472,25.103999999999996,9.96,21.768,49.608000000000004,75.09599999999999,58.344,65.376,24.624,82.392,19.368,40.704,40.343999999999994,41.832,52.656,44.087999999999994,81.09599999999999,23.856,9.455999999999998,65.856,67.848,60.336,62.495999999999995,28.247999999999994,39.12,86.304,55.776,41.44800000000001,40.967999999999996,48.504,42.192,58.488,61.584,49.872,31.247999999999998,34.2,48.504,58.272,58.29599999999999,38.328,8.16,57.912000000000006,50.68799999999999,20.952
54.696,34.08,43.368,40.05599999999999,43.752,36.408,42.696,37.416,44.376000000000005,32.616,75.648,0.0,30.432,63.983999999999995,79.67999999999999,70.176,33.6,72.86399999999999,10.752,35.04,50.663999999999994,21.552,90.504,25.775999999999996,47.088,53.73599999999999,91.75200000000001,95.664,21.264,45.98399999999999,39.552,16.704,43.895999999999994,60.64799999999999,22.704,65.11200000000001,38.111999999999995,58.704,13.799999999999999,32.352,31.848,69.64799999999998,13.463999999999999,44.087999999999994,52.944,15.791999999999998,49.82399999999999,37.944,59.59199999999999,4.2959999999999985,61.48799999999999,17.831999999999997,26.711999999999996,91.8,49.943999999999996,56.90399999999999,74.37599999999999,65.52,12.528,62.06399999999999,85.608,56.855999999999995,26.040000000000003,58.584,24.407999999999998,25.296,95.04,6.744000000000001,64.584,78.768,41.4,35.016,34.368,57.768,64.584,53.75999999999999,67.104,13.872000000000002,51.336,61.967999999999996,59.279999999999994,95.83199999999998,36.528,10.656,19.871999999999993,34.199999999999996,34.68,27.143999999999995,33.455999999999996,41.976000000000006,25.152,25.776,44.4,45.864,72.84,17.375999999999998,41.784,41.304,67.48799999999999,59.83200000000001,75.26399999999998,54.696
42.55200000000001,47.136,24.552,13.367999999999995,13.319999999999999,31.560000000000002,30.359999999999996,39.96,17.688,11.688000000000002,45.21600000000001,30.432,0.0,33.552,49.248,39.74400000000001,3.1680000000000006,42.431999999999995,19.679999999999996,26.256,34.152,25.968,60.072,18.672000000000004,20.4,56.232,61.32,65.232,22.032,64.752,62.208,33.696,35.304,30.215999999999998,42.144000000000005,34.68,7.68,32.01599999999999,29.111999999999995,42.288000000000004,58.536,39.216,39.0,23.784,22.512000000000004,25.631999999999998,29.712,12.839999999999998,57.912000000000006,30.504,47.232000000000006,16.968,41.111999999999995,61.367999999999995,19.511999999999997,34.2,45.336,35.087999999999994,32.256,31.632000000000005,55.176,26.423999999999992,34.728,31.895999999999997,13.128,20.16,64.608,37.176,34.152,48.336,68.08800000000001,4.5840000000000005,7.679999999999996,27.336,37.896,23.328,36.672000000000004,40.56,24.647999999999996,31.536,28.848000000000003,65.39999999999999,38.832,41.088,10.560000000000002,23.496000000000006,43.51199999999999,52.392,30.863999999999997,15.287999999999997,16.368,34.992000000000004,52.080000000000005,72.55199999999999,42.408,13.584000000000001,15.095999999999995,10.872,37.056000000000004,29.4,44.832,42.55200000000001
34.488,39.072,20.616,24.599999999999998,20.232,27.575999999999993,22.295999999999992,31.895999999999997,39.71999999999999,45.24,35.135999999999996,63.983999999999995,33.552,0.0,22.223999999999993,7.967999999999992,30.384,18.720000000000002,53.232,28.943999999999996,26.087999999999997,59.51999999999999,26.52,38.208,30.719999999999995,48.16799999999999,27.768,31.679999999999996,42.71999999999999,56.68799999999999,54.14399999999999,67.248,27.24,3.336000000000001,41.279999999999994,1.1280000000000014,25.871999999999996,40.080000000000005,62.663999999999994,34.224,50.472,26.159999999999997,72.55199999999999,19.896,17.664000000000005,48.19199999999999,21.647999999999993,46.391999999999996,49.847999999999985,59.688,39.168,46.152,37.272,27.816,14.040000000000003,26.135999999999996,37.272,25.679999999999993,65.808,10.031999999999998,26.52,13.367999999999995,37.943999999999996,39.96,46.68,53.711999999999996,31.056,70.728,15.767999999999995,14.783999999999999,60.024,28.968,40.992,8.952,45.96,11.279999999999994,25.679999999999996,54.19199999999999,32.712,25.200000000000003,27.360000000000003,31.848,30.767999999999994,74.63999999999999,44.112,29.784,35.44799999999999,44.327999999999996,30.528,42.023999999999994,49.91999999999999,38.208,44.016,64.48799999999999,13.36800000000001,46.608000000000004,36.792,22.679999999999996,28.464,22.776000000000007,15.552,34.488
24.983999999999995,45.6,36.312,43.65599999999999,35.928,43.27199999999999,36.983999999999995,42.263999999999996,55.41599999999999,60.936,12.912,79.67999999999999,49.248,22.223999999999993,0.0,14.256000000000002,46.08,40.943999999999996,68.928,44.63999999999999,29.015999999999995,75.216,10.824000000000003,53.903999999999996,50.688,25.943999999999996,12.072000000000003,16.224000000000004,58.41599999999999,34.464,40.12799999999999,82.944,35.78399999999999,24.455999999999992,56.97599999999999,21.24,41.568,62.30399999999999,78.36,47.327999999999996,50.232,10.031999999999998,88.24799999999999,35.592,39.888,63.88799999999999,29.855999999999998,62.087999999999994,27.624,75.384,18.191999999999997,61.848,52.967999999999996,12.120000000000001,29.736,22.776,15.048000000000002,14.16,81.504,17.61599999999999,5.928000000000005,22.823999999999998,53.63999999999999,62.184,62.37599999999999,69.408,15.360000000000005,86.42399999999999,15.095999999999993,27.792,44.376,44.663999999999994,56.68799999999999,31.175999999999995,68.184,25.919999999999995,12.575999999999995,69.88799999999999,54.936,47.42399999999999,49.583999999999996,16.152,43.151999999999994,90.336,59.808,45.48,45.0,52.536,46.224,57.71999999999999,65.616,53.903999999999996,35.279999999999994,42.263999999999996,35.592000000000006,62.304,52.488,38.376,12.191999999999995,45.0,37.775999999999996,24.983999999999995
26.520000000000003,36.096000000000004,26.808000000000003,30.792,26.424000000000003,33.768,27.48,32.760000000000005,45.912000000000006,51.431999999999995,27.168000000000003,70.176,39.74400000000001,7.967999999999992,14.256000000000002,0.0,36.576,26.68799999999999,59.42399999999999,35.136,19.512,65.712,20.327999999999996,44.4,36.912,40.199999999999996,21.575999999999997,25.487999999999992,48.912000000000006,48.72,46.176,73.44,26.28,10.19999999999999,47.472,6.9839999999999955,32.064,48.04799999999999,68.856,37.824000000000005,42.50400000000001,18.192000000000004,78.744,26.088000000000005,25.631999999999998,54.38400000000001,20.352000000000004,52.584,41.88,65.88000000000001,31.200000000000006,52.344,43.464,21.623999999999995,20.232000000000006,18.168000000000003,29.304000000000006,17.712,72.0,8.111999999999997,18.55200000000001,13.320000000000006,44.136,47.928,52.872,59.903999999999996,24.863999999999997,76.91999999999999,7.800000000000004,13.536000000000001,52.05600000000001,35.16,47.184000000000005,16.91999999999999,53.928,16.416000000000004,17.712000000000007,60.384,40.679999999999986,33.16799999999999,35.327999999999996,25.65599999999999,33.648,80.832,50.304,35.976000000000006,35.496,43.032000000000004,36.720000000000006,48.21600000000001,56.112,44.4,36.04800000000001,56.519999999999996,21.336000000000002,52.8,42.98400000000001,28.872,20.496000000000006,30.744,23.519999999999992,26.520000000000003
42.55200000000001,47.136,24.552,13.367999999999995,10.152,31.560000000000002,30.359999999999996,39.96,17.688,14.856000000000002,43.199999999999996,33.6,3.1680000000000006,30.384,46.08,36.576,0.0,39.263999999999996,22.848,26.256,34.152,29.136,56.903999999999996,18.672000000000004,20.4,56.232,58.152,62.06399999999999,22.032,64.752,62.208,36.864000000000004,35.304,27.048,42.144000000000005,31.511999999999997,4.512,32.01599999999999,32.279999999999994,42.288000000000004,58.536,36.047999999999995,42.168,23.784,19.344000000000005,25.631999999999998,29.712,16.008,57.912000000000006,30.504,47.232000000000006,16.968,41.111999999999995,58.199999999999996,16.343999999999994,34.2,45.336,33.744,35.424,28.464000000000006,52.008,23.255999999999993,34.728,31.895999999999997,16.296000000000003,23.328,61.44,40.344,30.984,45.168,68.08800000000001,1.4159999999999997,10.608000000000002,24.168,37.896,20.16,33.74400000000001,40.56,24.647999999999996,28.368,25.68,62.232,38.832,44.256,13.728000000000003,23.496000000000006,43.51199999999999,52.392,30.863999999999997,15.287999999999997,19.536,34.992000000000004,52.080000000000005,72.55199999999999,39.24,16.224,15.095999999999995,7.704,36.528000000000006,26.232,41.663999999999994,42.55200000000001
53.208,57.791999999999994,35.20799999999999,33.48,29.111999999999995,42.21600000000001,41.01599999999999,50.616,48.599999999999994,54.11999999999999,53.855999999999995,72.86399999999999,42.431999999999995,18.720000000000002,40.943999999999996,26.68799999999999,39.263999999999996,0.0,62.111999999999995,37.82399999999999,44.808,68.39999999999999,31.031999999999996,47.087999999999994,39.6,66.88799999999999,32.424,24.71999999999999,51.599999999999994,75.40799999999999,72.86399999999999,76.128,45.959999999999994,16.488000000000003,52.8,19.703999999999997,34.751999999999995,32.16,71.544,52.943999999999996,69.19200000000001,44.879999999999995,81.432,34.44,19.91999999999999,57.072,40.368,55.272,68.56799999999998,68.568,57.888,55.032,51.768,33.0,22.92,44.855999999999995,55.99199999999999,44.4,74.688,28.752,45.24,32.087999999999994,46.82399999999999,21.240000000000002,55.559999999999995,62.59199999999999,29.232,79.608,34.488,13.151999999999992,78.744,37.848,49.872,15.095999999999997,32.18399999999999,29.999999999999993,44.4,63.07199999999999,32.184,10.895999999999994,13.583999999999993,25.608000000000004,49.48799999999999,83.52,52.99199999999999,38.663999999999994,54.168,63.047999999999995,41.51999999999999,50.903999999999996,58.8,47.087999999999994,62.736,83.208,5.351999999999992,55.48799999999999,45.672000000000004,31.559999999999995,47.184,13.031999999999995,3.1680000000000006,53.208
43.943999999999996,30.432,32.616,30.071999999999996,33.0,25.656000000000002,31.944,26.663999999999998,34.392,22.631999999999998,64.896,10.752,19.679999999999996,53.232,68.928,59.42399999999999,22.848,62.111999999999995,0.0,24.288,39.912,11.568,79.752,15.023999999999997,37.104,42.98399999999999,81.0,84.91199999999999,10.511999999999999,48.047999999999995,45.504,14.016000000000002,33.144,49.895999999999994,25.44,54.35999999999999,27.359999999999996,48.72,9.432,25.583999999999996,41.832,58.895999999999994,19.32,33.33599999999999,42.192,8.927999999999999,39.071999999999996,27.96,48.83999999999999,13.799999999999999,50.736,7.079999999999998,24.408,81.04799999999999,39.19199999999999,46.151999999999994,63.623999999999995,54.76799999999999,12.576,51.312000000000005,74.856,46.104,18.024,48.599999999999994,14.424,15.312000000000001,84.28800000000001,17.496000000000002,53.831999999999994,68.01599999999999,51.384,24.263999999999996,24.384,47.016,54.599999999999994,43.007999999999996,56.35199999999999,23.856,41.352,51.215999999999994,48.52799999999999,85.07999999999998,25.776,21.408000000000005,9.119999999999996,23.447999999999997,26.808000000000003,35.687999999999995,22.703999999999994,31.991999999999997,15.168,18.288,35.376,55.847999999999985,62.088,6.623999999999997,31.799999999999997,30.552,56.736,49.080000000000005,64.51199999999999,43.943999999999996
19.656,20.880000000000003,8.327999999999998,39.623999999999995,28.391999999999996,5.304000000000002,7.655999999999999,13.703999999999999,43.944,32.184,40.608000000000004,35.04,26.256,28.943999999999996,44.63999999999999,35.136,26.256,37.82399999999999,24.288,0.0,15.623999999999999,30.576,55.464,9.264000000000003,46.65599999999999,29.975999999999996,56.711999999999996,60.623999999999995,13.776,38.495999999999995,35.952000000000005,38.304,9.048000000000004,25.607999999999993,15.888000000000002,30.071999999999996,21.983999999999995,58.272,33.72,16.032,32.28,34.608,43.608000000000004,9.047999999999995,35.856,19.248,14.783999999999995,37.51199999999999,31.656,30.744000000000003,26.447999999999997,17.208000000000002,14.856,56.75999999999999,22.727999999999998,21.863999999999994,39.336,30.479999999999993,36.864,27.024,50.568,21.815999999999995,9.0,58.152,23.976,24.863999999999997,60.0,41.784000000000006,29.544,43.727999999999994,41.832,24.888,33.93599999999999,27.143999999999995,64.152,18.719999999999995,32.064,25.247999999999998,50.903999999999996,43.391999999999996,45.552,60.791999999999994,12.576,45.696,17.903999999999996,2.7599999999999967,17.256,26.136,4.608,41.544000000000004,24.719999999999995,9.264000000000001,25.824,46.296,37.8,17.664,41.35199999999999,21.384,32.448,40.967999999999996,40.224,19.656
8.4,16.584,9.600000000000003,47.51999999999999,36.288,14.255999999999998,7.968,13.248000000000001,51.84,40.08,24.983999999999998,50.663999999999994,34.152,26.087999999999997,29.015999999999995,19.512,34.152,44.808,39.912,15.623999999999999,0.0,46.199999999999996,39.84,24.888,54.552,22.08,41.087999999999994,45.0,29.4,30.599999999999994,28.056,53.928,6.768000000000001,28.319999999999997,27.96,25.104,29.879999999999995,66.16799999999999,49.344,18.312,24.384,18.983999999999995,59.232,10.368,43.75200000000001,34.872,4.440000000000003,45.408,23.759999999999994,46.368,13.080000000000002,32.832,23.952,41.136,30.624,6.239999999999995,23.711999999999996,14.855999999999995,52.488,16.055999999999997,34.944,12.72,24.624,66.048,33.36,40.391999999999996,44.376000000000005,57.408,13.920000000000002,31.656000000000006,33.936,32.784,41.832,35.04,72.048,14.808000000000003,16.439999999999998,40.872,58.8,51.288,53.44800000000001,45.168,14.136000000000001,61.32,30.792,16.464000000000002,15.984000000000002,23.52,17.208000000000002,49.44,36.6,24.888,17.927999999999997,38.39999999999999,39.45600000000001,33.288000000000004,49.248,29.28,16.823999999999998,48.864000000000004,41.64,8.4
50.232,42.0,38.904,34.919999999999995,39.288000000000004,31.944,38.232,34.82399999999999,22.824,14.279999999999998,71.18400000000001,21.552,25.968,59.51999999999999,75.216,65.712,29.136,68.39999999999999,11.568,30.576,46.199999999999996,0.0,86.04,21.311999999999998,28.799999999999997,51.096,87.28800000000001,91.2,16.896,59.616,57.072,7.728,39.431999999999995,56.18399999999999,37.007999999999996,60.647999999999996,33.647999999999996,37.151999999999994,7.751999999999999,37.151999999999994,53.4,65.184,13.032,39.623999999999995,48.480000000000004,20.496,45.35999999999999,16.392,55.12799999999999,25.368,57.024,13.368,35.97599999999999,87.336,45.47999999999999,52.44,69.912,61.05599999999999,9.024,57.599999999999994,81.144,52.391999999999996,29.592,49.367999999999995,12.839999999999998,5.808,90.57600000000001,19.992,60.120000000000005,74.304,62.952000000000005,30.552,18.528,53.304,43.032,49.29599999999999,62.64,35.424,36.216,57.504,54.816,91.368,33.696,18.432000000000002,15.407999999999998,29.735999999999997,38.376,47.25599999999999,28.991999999999994,20.424,9.6,29.856,46.944,67.416,68.376,12.911999999999999,22.727999999999998,36.84,63.024,55.367999999999995,70.8,50.232
35.808,56.42399999999999,47.136,51.12,46.752,54.096,47.808,53.088,66.24,71.75999999999999,22.823999999999998,90.504,60.072,26.52,10.824000000000003,20.327999999999996,56.903999999999996,31.031999999999996,79.752,55.464,39.84,86.04,0.0,64.728,57.24,36.768,1.3920000000000043,6.312000000000006,69.24,44.52,50.95199999999999,93.768,46.608000000000004,29.856,67.8,25.392,52.391999999999996,52.391999999999996,89.18399999999998,58.152,61.056,20.856,99.072,46.416000000000004,37.559999999999995,74.712,40.68000000000001,72.912,37.535999999999994,86.208,29.016,72.672,63.791999999999994,1.9680000000000006,40.56,33.6,24.96,24.984,92.32799999999999,28.439999999999994,14.208000000000004,33.648,64.464,52.272,73.2,80.232,4.536000000000001,97.24799999999999,25.919999999999995,17.880000000000006,55.199999999999996,55.48799999999999,67.512,32.736,58.272,36.744,23.4,80.71199999999999,49.824,37.512,39.672000000000004,5.423999999999995,53.976,101.16,70.63199999999999,56.304,55.82399999999999,63.36,57.048,68.544,76.44,64.728,46.104,52.175999999999995,25.680000000000007,73.128,63.312000000000005,49.199999999999996,23.016,35.08800000000001,27.863999999999997,35.808
28.92,28.464,17.592,32.04,20.808,12.887999999999998,16.92,21.287999999999993,36.36000000000001,24.599999999999998,49.872,25.775999999999996,18.672000000000004,38.208,53.903999999999996,44.4,18.672000000000004,47.087999999999994,15.023999999999997,9.264000000000003,24.888,21.311999999999998,64.728,0.0,39.072,37.559999999999995,65.976,69.88799999999999,4.511999999999998,46.07999999999999,43.536,29.04,18.12,34.872,23.471999999999998,39.336,14.399999999999999,50.688,24.455999999999996,23.615999999999996,39.864,43.872,34.344,18.311999999999998,28.272000000000006,9.984,24.048,29.928000000000004,39.239999999999995,21.479999999999997,35.712,7.943999999999999,22.439999999999994,66.02399999999999,24.167999999999996,31.127999999999997,48.599999999999994,39.74399999999999,27.599999999999998,36.288000000000004,59.831999999999994,31.08,16.055999999999997,50.568000000000005,16.392000000000003,17.28,69.264,32.52,38.808,52.99199999999999,49.416,17.304000000000002,26.352,31.991999999999997,56.568,27.983999999999998,41.327999999999996,21.887999999999998,43.32,36.192,37.96800000000001,70.056,20.159999999999997,36.431999999999995,10.320000000000002,8.424,24.839999999999993,33.71999999999999,12.191999999999995,33.96,17.136,16.32,33.407999999999994,53.87999999999999,47.064,8.4,33.768,15.528,41.712,34.056000000000004,49.48799999999999,28.92
62.952000000000005,67.536,44.95199999999999,7.032000000000002,18.264000000000003,51.959999999999994,50.75999999999999,60.35999999999999,8.999999999999998,14.520000000000001,63.599999999999994,47.088,20.4,30.719999999999995,50.688,36.912,20.4,39.6,37.104,46.65599999999999,54.552,28.799999999999997,57.24,39.072,0.0,76.63199999999999,58.488,62.4,42.431999999999995,85.152,82.608,36.528,55.704,27.383999999999993,62.544000000000004,31.848,24.672,11.615999999999998,33.288000000000004,62.68799999999999,78.93599999999999,54.624,41.832,44.184,19.680000000000003,46.032,50.111999999999995,15.671999999999997,78.312,50.903999999999996,67.632,37.368,61.51199999999999,58.536,23.928,54.599999999999994,65.736,54.144000000000005,35.087999999999994,38.495999999999995,54.98400000000001,41.832,55.12799999999999,20.568,22.680000000000003,22.992,61.776,45.528,44.232,45.504,88.48800000000001,21.768,12.72,24.503999999999998,17.496000000000002,39.74399999999999,54.144000000000005,60.959999999999994,7.4159999999999995,28.704,26.016000000000002,62.568,59.232,43.967999999999996,28.752,43.895999999999994,63.91199999999999,72.79199999999999,51.263999999999996,11.304,21.936,55.392,72.48,92.95200000000001,39.576,33.984,6.072000000000003,25.272,56.928000000000004,26.567999999999998,42.0,62.952000000000005
13.679999999999996,19.655999999999995,31.679999999999996,69.6,58.36799999999999,24.671999999999993,25.872,16.319999999999997,73.92,62.16,21.912000000000006,53.73599999999999,56.232,48.16799999999999,25.943999999999996,40.199999999999996,56.232,66.88799999999999,42.98399999999999,29.975999999999996,22.08,51.096,36.768,37.559999999999995,76.63199999999999,0.0,38.016,42.168,34.199999999999996,8.52,14.183999999999994,57.0,20.927999999999997,50.39999999999999,31.031999999999996,47.18399999999999,51.959999999999994,88.24799999999999,52.416,21.384,24.287999999999993,22.007999999999996,62.30399999999999,32.448,65.832,37.943999999999996,26.52,67.488,5.856000000000001,49.44,8.999999999999993,39.263999999999996,27.023999999999997,38.064,52.70399999999999,22.032,20.640000000000004,22.488000000000003,55.559999999999995,38.13599999999999,31.872,34.8,27.695999999999998,88.128,53.95199999999999,54.84,41.304,60.48,32.4,53.736,18.431999999999995,54.864,63.91199999999999,57.11999999999999,94.128,36.888,22.487999999999992,43.943999999999996,80.88000000000001,73.368,75.52799999999999,42.096,17.4,64.392,47.879999999999995,32.73599999999999,19.055999999999997,26.592,25.368,71.52,54.696,27.959999999999994,9.335999999999997,16.32,61.536,42.647999999999996,71.32799999999999,51.35999999999999,19.703999999999994,70.944,63.71999999999999,13.679999999999996
37.056,57.67199999999999,48.384,52.367999999999995,48.0,55.343999999999994,49.05599999999999,54.336,67.48799999999999,73.008,21.431999999999995,91.75200000000001,61.32,27.768,12.072000000000003,21.575999999999997,58.152,32.424,81.0,56.711999999999996,41.087999999999994,87.28800000000001,1.3920000000000043,65.976,58.488,38.016,0.0,7.70400000000001,70.48799999999999,45.768,52.19999999999999,95.016,47.855999999999995,31.104,69.048,26.639999999999997,53.64,53.784,90.432,59.4,62.304,22.104000000000003,100.32,47.663999999999994,38.80799999999999,75.96,41.928,74.16,36.14399999999999,87.45599999999999,30.263999999999996,73.92,65.04,0.5759999999999962,41.808,34.848,23.567999999999994,26.232000000000003,93.57600000000001,29.68799999999999,12.815999999999999,34.896,65.712,53.664,74.448,81.48,3.288000000000002,98.496,27.167999999999996,19.27200000000001,56.44799999999999,56.736,68.75999999999999,33.984,59.664,37.992,24.647999999999996,81.96,51.072,38.904,41.06400000000001,6.815999999999999,55.22399999999999,102.408,71.88000000000001,57.552,57.072,64.608,58.29599999999999,69.79199999999999,77.688,65.976,47.352,50.78399999999999,27.07200000000001,74.376,64.56,50.44799999999999,24.263999999999996,36.48000000000001,29.256,37.056
40.967999999999996,61.58399999999999,52.29599999999999,56.279999999999994,51.91199999999999,59.25599999999999,52.967999999999996,58.248,71.39999999999999,76.91999999999999,29.136000000000003,95.664,65.232,31.679999999999996,16.224000000000004,25.487999999999992,62.06399999999999,24.71999999999999,84.91199999999999,60.623999999999995,45.0,91.2,6.312000000000006,69.88799999999999,62.4,42.168,7.70400000000001,0.0,74.39999999999999,50.688,56.11199999999999,98.928,51.768,35.016,72.96,30.551999999999996,57.55199999999999,54.959999999999994,94.34400000000001,63.312,66.216,26.016,104.23199999999997,51.576,42.71999999999999,79.872,45.84,78.072,43.848,91.368,34.175999999999995,77.832,68.95199999999998,8.280000000000006,45.72,38.76,31.272000000000006,30.144,97.488,33.59999999999999,20.52000000000001,38.808,69.624,45.959999999999994,78.36,85.392,4.512000000000006,102.408,31.07999999999999,16.895999999999997,60.35999999999999,60.64799999999999,72.672,37.895999999999994,54.98399999999999,41.904,28.559999999999995,85.872,54.983999999999995,33.69599999999999,36.38399999999999,0.8880000000000109,59.135999999999996,106.32,75.79199999999999,61.464,60.98399999999999,68.52,62.208,73.704,81.6,69.88799999999999,51.263999999999996,58.488,22.823999999999995,78.288,68.472,54.35999999999999,28.175999999999995,35.831999999999994,21.551999999999992,40.967999999999996
33.431999999999995,25.104,22.103999999999996,35.4,24.167999999999996,15.144,21.432,17.927999999999997,39.72,27.959999999999994,54.384,21.264,22.032,42.71999999999999,58.41599999999999,48.912000000000006,22.032,51.599999999999994,10.511999999999999,13.776,29.4,16.896,69.24,4.511999999999998,42.431999999999995,34.199999999999996,70.48799999999999,74.39999999999999,0.0,42.72,40.176,24.528,22.631999999999998,39.38399999999999,20.112000000000002,43.848,17.759999999999994,54.047999999999995,19.944,20.255999999999997,36.504,48.383999999999986,29.832,22.823999999999995,31.68,5.472000000000002,28.559999999999995,33.288000000000004,38.327999999999996,16.968000000000004,40.224,5.064000000000001,19.08,70.536,28.679999999999993,35.63999999999999,53.111999999999995,44.25599999999999,23.088,40.8,64.34400000000001,35.59199999999999,12.696000000000002,53.928,19.752,20.639999999999997,73.776,28.008000000000003,43.32,57.504,46.056000000000004,20.663999999999998,29.711999999999996,36.504,59.928,32.495999999999995,45.84,18.528000000000002,46.68,40.704,41.328,74.568,16.8,31.92,13.679999999999998,12.935999999999996,21.479999999999997,30.359999999999996,12.191999999999995,37.32,20.496,12.960000000000003,30.048,50.51999999999999,51.576,8.447999999999999,37.12799999999999,20.04,46.224,38.568,54.0,33.431999999999995
22.199999999999996,17.615999999999996,40.199999999999996,78.11999999999999,66.88799999999999,33.19199999999999,34.391999999999996,24.791999999999998,82.44,70.67999999999999,29.664,45.98399999999999,64.752,56.68799999999999,34.464,48.72,64.752,75.40799999999999,48.047999999999995,38.495999999999995,30.599999999999994,59.616,44.52,46.07999999999999,85.152,8.52,45.768,50.688,42.72,0.0,6.431999999999993,54.76799999999999,29.447999999999993,58.91999999999999,23.279999999999998,55.704,60.47999999999999,96.76799999999997,51.864,22.464,16.535999999999998,30.527999999999995,54.55199999999999,40.967999999999996,74.352,39.12,35.04,76.008,13.607999999999999,41.688,17.519999999999992,47.784,23.639999999999997,45.815999999999995,61.22399999999999,30.551999999999996,28.392,31.008,50.59199999999999,46.65599999999999,39.624,43.31999999999999,30.023999999999994,96.64799999999998,62.471999999999994,63.35999999999999,49.056,52.727999999999994,40.919999999999995,62.256,10.679999999999994,63.383999999999986,72.432,65.63999999999999,102.64799999999998,45.408,31.007999999999996,36.19199999999999,89.39999999999999,81.88799999999999,84.04799999999999,49.848,25.919999999999995,56.63999999999999,56.39999999999999,41.25599999999999,21.24,18.84,33.888,80.04,63.215999999999994,29.759999999999994,12.671999999999997,7.799999999999999,70.056,51.16799999999999,79.84799999999998,59.879999999999995,28.223999999999993,79.464,72.24,22.199999999999996
