0.0,92.064,14.784000000000002,39.647999999999996,91.24799999999999,91.704,61.583999999999996,14.951999999999996,55.79999999999999,61.91999999999999,65.18399999999998,40.296,26.28,49.943999999999996,49.272,63.55199999999999,58.032,70.512,61.367999999999995,30.816,23.184,88.41600000000001,44.976000000000006,25.44,67.752,51.263999999999996,70.728,40.68000000000001,63.431999999999995,68.08800000000001,86.544,64.536,27.6,67.44,32.472,9.287999999999998,44.160000000000004,60.072,48.047999999999995,26.592,50.016000000000005,37.44,51.480000000000004,37.775999999999996,51.45599999999999,8.856,87.93599999999999,76.17599999999999,45.84,58.391999999999996,7.944000000000001,66.93599999999999,59.304,64.824,61.392,29.424000000000003,58.895999999999994,39.408,62.495999999999995,47.088,28.128,4.248000000000001,35.568,48.288,11.592000000000002,47.232,46.848000000000006,68.448,24.528,54.023999999999994,43.895999999999994,5.064000000000001,31.752,60.431999999999995,24.024,45.864,56.160000000000004,31.584000000000003,57.384,66.36,43.583999999999996,36.792,43.440000000000005,65.71199999999999,43.199999999999996,82.65599999999999,99.64799999999998,21.936,40.656,63.624,49.128,77.16,34.056,43.536,54.35999999999999,12.455999999999998,31.343999999999994,12.264000000000003,35.01599999999999,19.752,24.552,0.0
92.064,0.0,77.28,55.392,16.127999999999993,0.6960000000000012,33.456,107.016,44.184,50.59199999999999,28.175999999999995,51.768,65.78399999999999,42.12,67.128,44.688,34.03199999999999,21.552,30.695999999999998,66.912,94.8,9.695999999999993,47.087999999999994,66.624,24.311999999999998,40.8,24.839999999999996,51.384,28.631999999999998,39.047999999999995,7.392000000000002,27.527999999999995,64.464,26.879999999999995,59.59199999999999,88.968,47.90399999999999,31.991999999999994,44.016,74.39999999999999,42.047999999999995,76.84799999999998,40.583999999999996,79.91999999999999,40.608000000000004,83.208,4.1279999999999974,15.888,46.224,37.944,84.11999999999999,27.336,35.208000000000006,27.239999999999995,32.831999999999994,62.64,62.208,53.952,34.464,44.97599999999999,76.8,96.11999999999999,69.83999999999999,73.152,80.472,44.832,45.216,23.616,84.672,43.080000000000005,71.35199999999999,88.392,60.312,31.631999999999998,68.04,46.199999999999996,35.90399999999999,60.47999999999999,34.68,45.912000000000006,48.48,55.272,48.624,45.263999999999996,48.864,12.767999999999997,7.583999999999998,70.128,51.408,28.439999999999994,50.808,24.36,58.008,52.75199999999999,47.208000000000006,83.736,60.720000000000006,81.336,89.064,72.312,84.64800000000001,92.064
14.784000000000002,77.28,0.0,24.863999999999997,76.464,76.91999999999999,66.912,29.735999999999997,68.808,74.928,61.632,25.511999999999997,17.784000000000002,61.367999999999995,62.279999999999994,48.768,43.248000000000005,55.727999999999994,46.58400000000001,43.82399999999999,36.192,73.632,50.4,10.655999999999999,52.967999999999996,36.48,55.943999999999996,27.816,48.647999999999996,53.304,71.75999999999999,49.75200000000001,21.264,52.65599999999999,44.904,22.295999999999996,41.904,45.288000000000004,49.008,39.6,35.232,50.44799999999999,36.696,50.784,36.67199999999999,19.032000000000004,73.152,61.391999999999996,31.056,71.39999999999999,19.848,52.15199999999999,68.664,50.04,46.608000000000004,14.64,71.904,24.624,47.711999999999996,32.304,41.136,18.840000000000003,48.57599999999999,61.29599999999999,10.008,32.448,39.12,53.663999999999994,37.536,67.032,56.903999999999996,11.112000000000002,16.968,45.647999999999996,32.76,31.08,41.376000000000005,22.895999999999997,42.6,79.368,32.976,22.008,28.65599999999999,78.71999999999998,49.104,67.872,84.86399999999999,22.176000000000005,42.623999999999995,48.84,34.343999999999994,62.37599999999999,42.072,28.752,67.368,25.464,40.12799999999999,4.056,48.023999999999994,8.760000000000003,37.56,14.784000000000002
39.647999999999996,55.392,24.863999999999997,0.0,51.599999999999994,56.088,88.84799999999998,54.59999999999999,90.74399999999999,96.86399999999999,83.56799999999998,30.359999999999996,39.72,83.304,84.216,23.903999999999996,55.248000000000005,44.111999999999995,61.367999999999995,65.75999999999999,58.12799999999999,48.768,72.336,32.448,48.93599999999999,34.51199999999999,31.08,49.751999999999995,33.0,28.439999999999998,62.784000000000006,58.776,43.199999999999996,28.512,66.84,44.232,63.84,64.72800000000001,70.944,61.536,34.08,72.384,46.68,72.72000000000001,45.168,40.967999999999996,55.2,70.944,17.568,93.336,41.784,28.055999999999997,90.6,59.68799999999999,22.56,30.96,93.84,1.4400000000000002,22.848,24.192,63.072,43.70400000000001,70.512,83.23200000000001,31.944,31.679999999999996,61.056,59.18399999999999,59.472,88.968,78.83999999999999,35.976,29.64,47.663999999999994,54.696,25.32,47.76,44.832,42.84,101.304,54.912000000000006,4.296,43.967999999999996,100.65599999999999,71.04,68.16,59.999999999999986,44.112,64.55999999999999,41.976000000000006,9.479999999999999,37.51199999999999,64.008,3.887999999999999,89.304,47.4,62.06399999999999,28.92,69.96,30.696,59.495999999999995,39.647999999999996
91.24799999999999,16.127999999999993,76.464,51.599999999999994,0.0,16.823999999999995,49.58399999999999,106.19999999999999,51.47999999999999,57.59999999999999,44.303999999999995,50.952000000000005,64.968,44.039999999999985,66.312,28.560000000000002,33.216,20.736,29.880000000000003,66.09599999999999,93.984,6.432,46.27199999999999,65.808,23.496000000000006,39.98400000000001,20.52,50.568,27.816,23.160000000000004,23.519999999999992,26.712,63.648,23.808000000000003,58.776,88.152,47.088,31.176000000000002,43.199999999999996,73.584,41.232,76.032,39.768,79.104,39.79200000000001,82.392,15.935999999999996,31.679999999999993,45.408,54.07199999999999,83.304,24.312000000000005,51.33599999999999,26.424,29.856,61.824,61.392,51.84,28.752000000000002,44.160000000000004,75.984,95.304,69.02399999999999,72.336,79.65599999999999,44.016,44.4,22.800000000000004,83.856,49.70399999999999,70.536,87.57600000000001,59.496,30.816000000000003,67.22399999999999,45.384,35.088,59.663999999999994,33.864000000000004,62.03999999999999,47.66400000000001,54.456,47.808,61.39199999999998,48.047999999999995,28.895999999999987,14.303999999999993,69.312,50.592,27.624000000000002,42.12,14.088000000000005,57.192,47.711999999999996,50.03999999999999,82.91999999999999,59.903999999999996,80.52,88.24799999999999,71.496,83.832,91.24799999999999
91.704,0.6960000000000012,76.91999999999999,56.088,16.823999999999995,0.0,32.76,106.65599999999999,43.82399999999999,50.231999999999985,27.479999999999997,51.408,65.42399999999999,41.76,66.768,45.384,33.67199999999999,21.192,30.335999999999995,66.55199999999999,94.43999999999998,10.391999999999996,46.727999999999994,66.264,23.952,40.440000000000005,25.536,51.023999999999994,28.272,39.74399999999999,6.696000000000001,27.167999999999996,64.104,27.575999999999993,59.232,88.608,47.544,31.631999999999998,43.65599999999999,74.03999999999999,41.687999999999995,76.48799999999999,40.224,79.55999999999999,40.248000000000005,82.848,3.767999999999997,15.528,45.864,37.248000000000005,83.75999999999999,28.031999999999996,34.512,26.879999999999992,33.528,62.28,61.848,54.648,35.16,44.616,76.44,95.75999999999999,69.47999999999999,72.79199999999999,80.11199999999998,44.472,44.855999999999995,23.255999999999997,84.31199999999998,42.720000000000006,70.99199999999999,88.032,59.952,31.272,67.67999999999999,45.839999999999996,35.544,60.11999999999999,34.32,45.216,48.12,54.91199999999999,48.263999999999996,44.56799999999999,48.504,12.071999999999997,7.943999999999997,69.768,51.047999999999995,28.08,51.504,25.056,57.648,53.44799999999999,46.848,83.376,60.36,80.97599999999998,88.70399999999998,71.95200000000001,84.28800000000001,91.704
61.583999999999996,33.456,66.912,88.84799999999998,49.58399999999999,32.76,0.0,76.536,13.704,20.112,5.280000000000002,58.488,49.12799999999999,11.640000000000002,36.648,78.144,33.599999999999994,44.736,27.479999999999997,36.432,64.32,43.151999999999994,16.607999999999993,56.4,39.912000000000006,54.336,58.29599999999999,39.096,55.848,72.504,26.063999999999997,30.071999999999992,45.647999999999996,60.336,29.112000000000002,58.488,25.008,24.119999999999997,17.904,43.92,54.768,46.368,42.168,49.44,43.68,52.728,33.647999999999996,17.904,71.28,4.488000000000002,53.64,60.791999999999994,2.279999999999998,29.159999999999997,66.288,57.88799999999999,31.728000000000005,87.408,67.92,64.656,46.32,65.64,39.35999999999999,42.672000000000004,56.903999999999996,57.168,27.791999999999994,29.663999999999998,54.192,12.600000000000009,40.872,58.967999999999996,59.208,41.184,37.56,63.52799999999999,41.087999999999994,44.016,46.008,14.088000000000001,33.93599999999999,84.552,44.879999999999995,11.807999999999995,18.384,21.071999999999992,38.06399999999999,44.73599999999999,24.287999999999997,46.872,84.264,57.815999999999995,27.528000000000006,86.208,16.728000000000005,53.256,30.240000000000006,66.16799999999999,58.583999999999996,58.15199999999999,54.168,61.583999999999996
14.951999999999996,107.016,29.735999999999997,54.59999999999999,106.19999999999999,106.65599999999999,76.536,0.0,62.831999999999994,56.424,80.136,55.248,41.232,64.896,39.88799999999999,78.50399999999998,72.98400000000001,85.464,76.32,40.104,12.216,103.368,59.928000000000004,40.391999999999996,82.704,66.216,85.68,55.632,78.38399999999999,83.04,101.496,79.48800000000001,42.552,82.392,47.42399999999999,18.048,59.112,75.02399999999999,63.0,32.616,64.968,30.168,66.432,27.095999999999997,66.40799999999999,23.807999999999996,102.888,91.128,60.791999999999994,72.816,22.895999999999997,81.888,74.256,79.776,76.34400000000001,44.376,45.864000000000004,54.35999999999999,77.448,62.03999999999999,30.215999999999998,10.895999999999995,37.176,35.25600000000001,26.543999999999997,62.184000000000005,61.8,83.39999999999999,22.343999999999998,63.93599999999999,35.664,18.623999999999995,46.704,75.384,38.976000000000006,60.815999999999995,71.11200000000001,46.536,72.336,62.44799999999999,58.536,51.74399999999999,58.391999999999996,67.08,58.152,97.608,114.6,36.88799999999999,55.608000000000004,78.57599999999998,64.08,92.11199999999998,49.007999999999996,58.48799999999999,59.80799999999999,23.279999999999998,46.296,25.679999999999996,21.983999999999998,34.70399999999999,22.36799999999999,14.951999999999996
55.79999999999999,44.184,68.808,90.74399999999999,51.47999999999999,43.82399999999999,13.704,62.831999999999994,0.0,6.407999999999995,17.304,60.384,51.023999999999994,7.440000000000003,22.944000000000006,80.03999999999998,35.495999999999995,46.632,29.375999999999994,24.983999999999995,50.616,45.04799999999999,18.407999999999994,58.29599999999999,41.808,56.232,60.19199999999999,40.992,57.74399999999999,74.39999999999999,38.663999999999994,31.96799999999999,47.544,62.232,23.903999999999996,46.51199999999999,26.903999999999996,26.015999999999995,19.8,30.215999999999998,56.663999999999994,32.663999999999994,44.064,35.736,45.57599999999999,49.775999999999996,40.056000000000004,28.295999999999996,73.17599999999999,9.984,48.959999999999994,62.688,11.424000000000003,31.055999999999994,68.18399999999998,59.78399999999999,18.024000000000004,89.30399999999999,69.816,66.55199999999999,32.616,51.936,25.65599999999999,28.968000000000004,58.8,59.06399999999999,29.68799999999999,31.559999999999995,40.488,1.7759999999999962,27.167999999999996,60.864,61.104,43.08,36.047999999999995,65.42399999999999,42.98399999999999,45.912,47.904,10.560000000000004,35.831999999999994,86.448,46.775999999999996,9.911999999999997,19.703999999999994,34.775999999999996,51.768,46.632,26.183999999999994,48.768,86.16,59.711999999999996,26.73599999999999,88.10399999999998,3.0240000000000036,43.343999999999994,28.679999999999993,68.064,44.879999999999995,60.04799999999999,40.464,55.79999999999999
61.91999999999999,50.59199999999999,74.928,96.86399999999999,57.59999999999999,50.231999999999985,20.112,56.424,6.407999999999995,0.0,23.711999999999993,66.504,57.14399999999999,13.560000000000004,16.53600000000001,86.16,41.61599999999999,52.751999999999995,35.495999999999995,31.103999999999996,44.208000000000006,51.16799999999999,24.527999999999995,64.416,47.928,62.35199999999999,66.312,47.111999999999995,63.864,80.52,45.071999999999996,38.087999999999994,53.663999999999994,68.35199999999999,30.023999999999997,52.632,33.024,32.135999999999996,25.92,35.327999999999996,62.784,26.256,50.184,29.328000000000003,51.696,55.895999999999994,46.464,34.70399999999999,79.29599999999999,16.391999999999996,55.08,68.808,17.831999999999997,37.175999999999995,74.304,65.904,11.616000000000009,95.424,75.93599999999999,72.672,33.791999999999994,57.67199999999999,26.352,22.56000000000001,64.91999999999999,65.184,35.80799999999999,37.68,37.391999999999996,7.895999999999997,20.76,66.984,67.22399999999999,49.199999999999996,42.168,71.544,49.104,52.032,54.023999999999994,6.023999999999995,41.95199999999999,92.568,52.895999999999994,10.655999999999993,25.823999999999995,41.18399999999999,58.175999999999995,52.75199999999999,32.303999999999995,54.88799999999999,92.28,65.832,32.855999999999995,94.22399999999999,7.559999999999996,49.464,34.8,74.18399999999998,38.472,66.16799999999999,37.367999999999995,61.91999999999999
65.18399999999998,28.175999999999995,61.632,83.56799999999998,44.303999999999995,27.479999999999997,5.280000000000002,80.136,17.304,23.711999999999993,0.0,53.208,43.84799999999999,15.239999999999998,40.248000000000005,72.86399999999999,28.319999999999993,39.455999999999996,22.199999999999996,40.032,67.91999999999999,37.87199999999999,20.20799999999999,51.11999999999999,34.632,49.05599999999999,53.01599999999999,33.815999999999995,50.568,67.22399999999999,21.36,24.79199999999999,40.368,55.05599999999999,32.711999999999996,62.087999999999994,21.023999999999994,18.839999999999993,17.135999999999996,47.51999999999999,49.48799999999999,49.967999999999996,36.888,53.04,38.39999999999999,56.327999999999996,28.36799999999999,12.623999999999999,65.99999999999999,9.768000000000004,57.24,55.51199999999999,7.032000000000004,23.879999999999992,61.007999999999996,52.60799999999998,35.328,82.128,62.64,59.376000000000005,49.91999999999999,69.24,42.959999999999994,46.272,53.59199999999999,51.88799999999999,22.511999999999993,24.383999999999993,57.791999999999994,16.200000000000003,44.471999999999994,61.512,53.928,35.903999999999996,41.16,58.24799999999999,35.80799999999999,38.736,40.727999999999994,17.736000000000004,28.65599999999999,79.272,39.6,17.087999999999997,21.983999999999995,17.471999999999998,34.464,43.24799999999999,24.527999999999995,41.59199999999999,78.984,52.536,31.128,80.928,20.328,56.855999999999995,33.84,60.88799999999999,62.18399999999999,52.871999999999986,57.768,65.18399999999998
40.296,51.768,25.511999999999997,30.359999999999996,50.952000000000005,51.408,58.488,55.248,60.384,66.504,53.208,0.0,14.015999999999998,52.943999999999996,53.856,23.255999999999997,24.888000000000005,30.215999999999998,31.008000000000003,35.400000000000006,43.032,48.12,41.976000000000006,14.856,27.455999999999996,10.967999999999998,30.432,19.392000000000003,23.136,27.791999999999998,46.248,28.416000000000007,12.840000000000003,27.144,36.480000000000004,37.199999999999996,33.480000000000004,34.368,40.583999999999996,31.176000000000002,9.719999999999999,42.024,16.32,42.36000000000001,14.808000000000003,31.44,47.64,40.583999999999996,12.791999999999994,62.976,32.352,26.639999999999997,60.24,29.328000000000003,21.096,10.871999999999998,63.480000000000004,28.919999999999995,22.2,6.792,32.712,44.352,40.152,52.872,28.703999999999997,6.936000000000001,30.696000000000005,28.824,32.904,58.608000000000004,48.480000000000004,36.624,8.543999999999999,20.136,24.336000000000006,5.5680000000000005,17.400000000000002,14.472000000000001,17.087999999999997,70.944,24.552000000000003,26.063999999999997,13.608000000000004,70.29599999999999,40.68000000000001,42.35999999999999,59.35199999999999,18.36,34.2,23.328,25.775999999999996,36.864,33.648,27.719999999999995,58.944,31.968,31.704000000000004,29.567999999999998,39.6,20.544,32.88,40.296
26.28,65.78399999999999,17.784000000000002,39.72,64.968,65.42399999999999,49.12799999999999,41.232,51.023999999999994,57.14399999999999,43.84799999999999,14.015999999999998,0.0,43.58399999999999,44.495999999999995,37.272,31.752000000000002,44.232,35.088,26.04,29.016,62.135999999999996,32.616,7.272,41.472,24.983999999999998,44.448,14.399999999999999,37.152,41.808,60.263999999999996,38.256,3.479999999999998,41.16,27.119999999999997,23.184,24.119999999999997,33.792,31.223999999999993,21.816,23.736,32.663999999999994,25.2,33.0,25.175999999999995,17.424,61.656,49.895999999999994,22.152,53.616,18.336000000000002,40.65599999999999,50.879999999999995,38.544000000000004,35.112,8.76,54.12,38.28,36.216,20.808,23.352,30.336,30.791999999999994,43.51200000000001,14.687999999999997,20.952,21.336000000000002,42.168,19.752,49.248,39.11999999999999,22.608000000000004,10.08,34.152,14.975999999999999,19.584,29.880000000000003,5.304000000000002,31.103999999999996,61.583999999999996,17.304,35.424,17.159999999999997,60.93599999999999,31.32,56.37599999999999,73.368,4.392,24.839999999999996,37.344,35.136,50.879999999999995,24.288,37.08,49.583999999999996,17.952,22.344,17.04,30.239999999999995,9.024,19.776,26.28
49.943999999999996,42.12,61.367999999999995,83.304,44.039999999999985,41.76,11.640000000000002,64.896,7.440000000000003,13.560000000000004,15.239999999999998,52.943999999999996,43.58399999999999,0.0,25.008000000000003,72.6,28.05599999999999,39.19199999999999,21.935999999999993,24.791999999999998,52.67999999999999,38.472,10.967999999999991,50.855999999999995,34.367999999999995,48.791999999999994,52.75199999999999,33.55199999999999,50.30399999999999,66.96,36.6,24.527999999999988,40.10399999999999,54.791999999999994,17.471999999999998,46.848,19.463999999999995,18.57599999999999,12.359999999999996,32.279999999999994,49.22399999999999,34.727999999999994,36.623999999999995,37.8,38.13599999999999,42.33599999999999,37.992000000000004,26.232,65.73599999999999,10.032000000000007,42.0,55.24799999999999,9.360000000000005,23.61599999999999,60.743999999999986,52.34399999999999,20.088,81.86399999999999,62.37599999999999,59.11199999999999,34.68,54.0,27.71999999999999,31.032000000000004,51.35999999999999,51.623999999999995,22.24799999999999,24.11999999999999,42.552,5.664000000000007,29.231999999999992,53.42399999999999,53.663999999999994,35.63999999999999,28.60799999999999,57.98399999999999,35.54399999999999,38.471999999999994,40.464,18.000000000000007,28.39199999999999,79.008,39.33599999999999,17.352,12.263999999999989,32.711999999999996,49.70399999999999,39.19199999999999,18.743999999999993,41.327999999999996,78.71999999999998,52.27199999999999,19.29599999999999,80.664,6.000000000000008,41.616,21.23999999999999,60.623999999999995,46.943999999999996,52.60799999999999,42.528,49.943999999999996
49.272,67.128,62.279999999999994,84.216,66.312,66.768,36.648,39.88799999999999,22.944000000000006,16.53600000000001,40.248000000000005,53.856,44.495999999999995,25.008000000000003,0.0,73.512,33.09600000000001,45.576,36.43200000000001,18.456,27.671999999999993,63.480000000000004,20.04000000000001,51.768,42.81600000000001,49.704,53.663999999999994,34.464,51.215999999999994,67.872,61.608000000000004,39.60000000000001,41.016,55.704,17.376,39.984,20.376,35.136,23.112000000000005,22.679999999999996,50.135999999999996,11.831999999999999,37.536,12.791999999999994,39.047999999999995,43.248,63.00000000000001,51.24,66.648,32.928000000000004,42.431999999999995,56.160000000000004,34.36800000000001,39.88800000000001,61.65599999999999,53.25599999999999,9.624000000000004,82.776,63.288,60.023999999999994,21.143999999999995,45.023999999999994,13.704,6.023999999999999,52.272,52.536,23.159999999999997,43.51200000000001,24.743999999999996,24.048,5.376,54.336,54.576,36.552,29.519999999999996,58.895999999999994,36.455999999999996,39.384,41.376000000000005,22.560000000000006,29.303999999999995,79.91999999999999,40.248,27.192000000000004,18.264000000000006,57.72,74.712,40.104,19.656,42.239999999999995,79.63199999999999,53.184,20.207999999999995,81.57600000000001,19.92,36.815999999999995,22.151999999999997,61.536,21.935999999999993,53.51999999999999,24.719999999999995,49.272
63.55199999999999,44.688,48.768,23.903999999999996,28.560000000000002,45.384,78.144,78.50399999999998,80.03999999999998,86.16,72.86399999999999,23.255999999999997,37.272,72.6,73.512,0.0,44.544000000000004,33.408,50.663999999999994,55.05599999999999,66.288,34.992000000000004,61.632,38.111999999999995,38.232,23.808000000000003,19.848,39.04800000000001,22.296000000000003,5.640000000000002,52.080000000000005,48.072,35.952,17.808000000000003,56.135999999999996,60.45599999999999,53.135999999999996,54.024,60.24,50.831999999999994,23.376000000000005,61.67999999999999,35.976,62.016,34.464,54.696,44.496,60.24,17.711999999999996,82.63199999999999,55.60799999999999,17.352,79.896,48.98400000000001,11.856000000000003,34.12799999999999,83.136,24.143999999999995,10.223999999999998,16.464,52.367999999999995,67.60799999999999,59.80799999999999,72.52799999999999,51.959999999999994,20.976,50.352000000000004,48.480000000000004,56.16,78.264,68.136,59.87999999999999,31.799999999999997,36.96,43.992,17.688,37.056000000000004,34.128,32.136,90.6,44.208000000000006,26.759999999999994,33.264,89.95199999999998,60.336,57.45599999999999,42.864,41.616,53.856,31.272000000000002,14.424,20.328,53.304,20.016,78.6,55.22399999999999,51.35999999999999,52.82399999999999,60.55199999999999,43.8,56.135999999999996,63.55199999999999
58.032,34.03199999999999,43.248000000000005,55.248000000000005,33.216,33.67199999999999,33.599999999999994,72.98400000000001,35.495999999999995,41.61599999999999,28.319999999999993,24.888000000000005,31.752000000000002,28.05599999999999,33.09600000000001,44.544000000000004,0.0,12.479999999999993,6.119999999999997,32.88,60.768,30.384,17.087999999999997,32.592000000000006,9.719999999999994,20.736,24.696,17.352000000000004,22.248,38.904,28.511999999999993,6.503999999999998,30.432000000000002,26.736,25.560000000000002,54.936,13.872000000000002,9.479999999999999,15.695999999999993,40.368,21.168,42.81600000000001,8.568000000000005,45.88800000000001,10.080000000000002,49.176,29.903999999999993,18.14399999999999,37.68,38.087999999999994,50.08800000000001,27.192000000000004,35.352,6.792,32.688,28.608000000000004,38.59199999999999,53.808,34.32000000000001,31.056,42.768,62.08800000000001,35.808,39.12000000000001,46.440000000000005,23.568000000000005,11.184000000000005,10.415999999999995,50.64,33.72,37.32,54.360000000000014,26.280000000000005,7.584000000000004,34.008,29.928,7.488000000000002,26.448,12.408000000000003,46.05599999999999,14.448000000000008,50.952000000000005,14.592000000000008,45.40799999999999,15.792,24.623999999999988,41.61599999999999,36.096000000000004,17.376000000000005,13.272000000000002,50.663999999999994,24.216,23.97600000000001,52.608000000000004,34.056,49.704,26.68800000000001,47.304,55.032,38.28000000000001,50.61600000000001,58.032
70.512,21.552,55.727999999999994,44.111999999999995,20.736,21.192,44.736,85.464,46.632,52.751999999999995,39.455999999999996,30.215999999999998,44.232,39.19199999999999,45.576,33.408,12.479999999999993,0.0,17.256000000000004,45.35999999999999,73.24799999999999,17.904000000000003,28.224000000000004,45.072,4.823999999999999,19.247999999999998,13.559999999999995,29.831999999999997,11.111999999999997,27.767999999999994,18.672,14.664000000000007,42.912,15.599999999999994,38.04,67.416,26.351999999999997,20.616000000000003,26.831999999999997,52.848,20.496,55.29599999999999,19.032,58.367999999999995,19.056,61.656,17.424,26.831999999999997,26.543999999999997,49.224000000000004,62.568,16.055999999999997,46.488,15.576000000000004,21.551999999999996,41.087999999999994,49.728,42.67199999999999,23.184,23.424,55.248,74.568,48.28799999999999,51.599999999999994,58.91999999999999,23.279999999999998,23.663999999999998,15.072000000000003,63.12,44.856,49.8,66.84,38.76,10.079999999999998,46.48799999999999,24.647999999999996,14.351999999999997,38.928,13.128,57.192,26.928,39.815999999999995,27.072000000000003,56.544,27.311999999999998,24.048,29.135999999999996,48.576,29.855999999999998,6.887999999999998,39.528,13.079999999999998,36.456,41.472,45.192,62.184,39.168,59.78399999999999,67.512,50.75999999999999,63.096,70.512
61.367999999999995,30.695999999999998,46.58400000000001,61.367999999999995,29.880000000000003,30.335999999999995,27.479999999999997,76.32,29.375999999999994,35.495999999999995,22.199999999999996,31.008000000000003,35.088,21.935999999999993,36.43200000000001,50.663999999999994,6.119999999999997,17.256000000000004,0.0,36.216,64.104,27.048,16.391999999999996,35.928000000000004,12.432000000000002,26.856,30.816,20.688000000000002,28.368,45.023999999999994,25.175999999999995,3.1680000000000006,33.768,32.855999999999995,28.896,58.272,17.208,3.3600000000000008,13.32,43.704,27.288,46.152,14.688000000000002,49.224000000000004,16.2,52.512,26.567999999999998,14.807999999999995,43.8,31.968,53.424,33.312,29.232,3.456000000000003,38.808,31.944,32.472,59.928000000000004,40.440000000000005,37.176,46.104,65.424,39.144,42.45600000000001,49.776,29.688000000000002,14.520000000000001,7.079999999999998,53.976,27.599999999999998,40.65599999999999,57.696000000000005,31.728,13.704,37.344,36.047999999999995,13.607999999999999,29.784,18.528000000000002,39.936,17.784000000000002,57.072,17.928000000000004,39.28799999999999,18.168,21.287999999999993,38.279999999999994,39.431999999999995,20.712,19.392,56.784,30.336,27.312000000000005,58.727999999999994,27.936,53.04,30.024000000000008,50.64,58.367999999999995,41.61600000000001,53.952000000000005,61.367999999999995
30.816,66.912,43.82399999999999,65.75999999999999,66.09599999999999,66.55199999999999,36.432,40.104,24.983999999999995,31.103999999999996,40.032,35.400000000000006,26.04,24.791999999999998,18.456,55.05599999999999,32.88,45.35999999999999,36.216,0.0,27.88799999999999,63.263999999999996,19.82400000000001,33.312,42.6,31.247999999999998,45.576,16.008,38.28,49.416000000000004,61.391999999999996,39.38400000000001,22.56,42.288000000000004,7.320000000000001,22.055999999999997,19.008000000000003,34.92,22.896,7.487999999999998,31.68,9.935999999999996,26.328,13.008,26.303999999999995,24.791999999999994,62.784000000000006,51.023999999999994,48.192,32.712,23.976,41.784000000000006,34.152,39.672000000000004,43.199999999999996,34.8,28.080000000000002,64.32,44.832,41.568,9.887999999999998,29.208,4.751999999999996,17.472,33.815999999999995,34.08,21.696,43.296,17.76,23.831999999999994,13.079999999999998,35.879999999999995,36.12,35.28,11.063999999999998,40.440000000000005,31.008000000000003,20.928,32.232,35.544,18.432,61.464,21.791999999999998,34.895999999999994,18.048000000000002,57.504,74.496,21.648,15.504000000000001,38.472,61.176,52.008,8.903999999999998,63.12,23.544,18.36,6.191999999999996,43.080000000000005,22.151999999999997,35.064,17.736,30.816
23.184,94.8,36.192,58.12799999999999,93.984,94.43999999999998,64.32,12.216,50.616,44.208000000000006,67.91999999999999,43.032,29.016,52.67999999999999,27.671999999999993,66.288,60.768,73.24799999999999,64.104,27.88799999999999,0.0,91.152,47.712,28.175999999999995,70.488,53.999999999999986,73.464,43.416,66.16799999999999,70.824,89.28,67.272,30.336,70.17599999999999,35.20799999999999,13.895999999999997,46.895999999999994,62.808,50.784,20.4,52.751999999999995,17.951999999999998,54.215999999999994,14.879999999999995,54.19199999999999,17.159999999999997,90.672,78.91199999999999,48.576,60.599999999999994,16.343999999999998,69.672,62.04,67.56,64.128,32.16,35.712,56.688,65.232,49.82399999999999,17.999999999999996,18.935999999999996,24.960000000000004,25.104,26.183999999999997,49.967999999999996,49.583999999999996,71.184,10.127999999999995,51.71999999999999,23.447999999999997,28.247999999999998,34.488,63.168,26.759999999999994,48.599999999999994,58.895999999999994,34.32,60.11999999999999,50.232,46.31999999999999,53.831999999999994,46.175999999999995,54.864,45.936,85.392,102.38399999999999,24.671999999999993,43.391999999999996,66.36,53.544000000000004,79.896,36.791999999999994,55.488,47.59199999999999,11.063999999999997,34.07999999999999,35.448,11.831999999999997,27.432,10.151999999999994,23.184
88.41600000000001,9.695999999999993,73.632,48.768,6.432,10.391999999999996,43.151999999999994,103.368,45.04799999999999,51.16799999999999,37.87199999999999,48.12,62.135999999999996,38.472,63.480000000000004,34.992000000000004,30.384,17.904000000000003,27.048,63.263999999999996,91.152,0.0,43.43999999999999,62.976,20.664000000000005,37.152,17.688000000000002,47.736,24.983999999999998,29.352000000000004,17.087999999999994,23.88,60.815999999999995,20.976000000000003,55.944,85.32,44.256,28.344000000000005,40.368,70.752,38.4,73.2,36.936,76.272,36.96,79.56000000000002,9.503999999999998,25.24799999999999,42.576,47.63999999999999,80.472,21.480000000000008,44.90399999999999,23.591999999999995,27.024,58.99199999999999,58.56,49.007999999999996,25.920000000000005,41.328,73.152,92.472,66.192,69.504,76.82400000000001,41.184,41.568,19.968,81.02400000000002,43.27199999999999,67.704,84.744,56.664,27.983999999999998,64.392,42.552,32.256,56.831999999999994,31.032000000000007,55.60799999999999,44.83200000000001,51.624,44.976000000000006,54.95999999999999,45.216,22.463999999999988,11.231999999999992,66.48,47.76,24.792,41.111999999999995,14.664000000000005,54.36,44.879999999999995,43.608,80.08800000000001,57.072,77.688,85.41600000000001,68.664,81.0,88.41600000000001
44.976000000000006,47.087999999999994,50.4,72.336,46.27199999999999,46.727999999999994,16.607999999999993,59.928000000000004,18.407999999999994,24.527999999999995,20.20799999999999,41.976000000000006,32.616,10.967999999999991,20.04000000000001,61.632,17.087999999999997,28.224000000000004,16.391999999999996,19.82400000000001,47.712,43.43999999999999,0.0,39.888,23.400000000000002,37.824,41.784,22.584,39.336,55.992000000000004,41.56799999999999,19.559999999999995,29.136,43.82399999999999,12.504000000000005,41.88,8.496000000000002,15.095999999999993,3.071999999999994,27.312000000000005,38.256,29.760000000000005,25.656000000000002,32.83200000000001,27.168,36.12000000000001,42.959999999999994,31.19999999999999,54.768,21.0,37.032000000000004,44.28000000000001,18.264,19.848,49.776,41.376000000000005,21.504,70.896,51.408,48.144000000000005,29.712000000000003,49.032000000000004,22.752,26.06400000000001,40.391999999999996,40.656,11.279999999999998,23.471999999999994,37.58400000000001,16.631999999999998,24.264000000000003,42.456,42.696,24.672,20.952000000000005,47.016,24.576,27.504,29.496000000000002,28.968,17.424,68.04,28.368,28.319999999999993,1.7760000000000047,37.679999999999986,54.67199999999998,28.223999999999997,7.776,30.36,67.752,41.304,10.92000000000001,69.696,16.968,36.648,13.632000000000012,49.65599999999999,41.976000000000006,41.64,37.56000000000001,44.976000000000006
25.44,66.624,10.655999999999999,32.448,65.808,66.264,56.4,40.391999999999996,58.29599999999999,64.416,51.11999999999999,14.856,7.272,50.855999999999995,51.768,38.111999999999995,32.592000000000006,45.072,35.928000000000004,33.312,28.175999999999995,62.976,39.888,0.0,42.312000000000005,25.823999999999998,45.28799999999999,17.304,37.992000000000004,42.647999999999996,61.104,39.096000000000004,10.751999999999999,42.0,34.391999999999996,22.343999999999998,31.392,34.632000000000005,38.495999999999995,29.088,24.576,39.936,26.040000000000003,40.272,26.016,16.584,62.496,50.736,20.4,60.888,17.496,41.495999999999995,58.152,39.38400000000001,35.952,3.984000000000002,61.392,31.008000000000003,37.056000000000004,21.648,30.624000000000002,29.496000000000002,38.064,50.784,13.847999999999999,21.792000000000005,28.608000000000004,43.008,27.024,56.519999999999996,46.391999999999996,21.768,6.312000000000001,34.992000000000004,22.247999999999998,20.424000000000003,30.72,12.383999999999997,31.944,68.856,22.464000000000002,28.152,17.999999999999996,68.208,38.592000000000006,57.215999999999994,74.208,11.664,32.111999999999995,38.184000000000005,27.863999999999997,51.72,31.560000000000002,29.808,56.856,17.112,29.616,14.711999999999996,37.51199999999999,5.688,27.048,25.44
67.752,24.311999999999998,52.967999999999996,48.93599999999999,23.496000000000006,23.952,39.912000000000006,82.704,41.808,47.928,34.632,27.455999999999996,41.472,34.367999999999995,42.81600000000001,38.232,9.719999999999994,4.823999999999999,12.432000000000002,42.6,70.488,20.664000000000005,23.400000000000002,42.312000000000005,0.0,16.488,18.383999999999997,27.071999999999996,15.935999999999996,32.59199999999999,18.791999999999998,9.840000000000007,40.151999999999994,20.423999999999996,35.279999999999994,64.65599999999999,23.591999999999995,15.792000000000003,22.008,50.087999999999994,17.735999999999997,52.536,16.272,55.60799999999999,16.296000000000003,58.895999999999994,20.184,22.008,31.36799999999999,44.4,59.808,20.88,41.663999999999994,10.752000000000004,26.375999999999994,38.327999999999996,44.904,47.495999999999995,28.008,24.743999999999996,52.48799999999999,71.808,45.528,48.84,56.16,20.519999999999996,20.903999999999996,10.248000000000003,60.35999999999999,40.032,47.04,64.08,36.0,7.319999999999997,43.727999999999994,23.615999999999996,11.591999999999995,36.16799999999999,10.368,52.367999999999995,24.168,44.64,24.312,51.71999999999999,24.551999999999996,19.224,31.895999999999997,45.815999999999995,27.095999999999997,6.959999999999996,44.35199999999999,17.903999999999996,33.696,46.296,40.368,59.42399999999999,36.408,57.023999999999994,64.752,48.0,60.336,67.752
51.263999999999996,40.8,36.48,34.51199999999999,39.98400000000001,40.440000000000005,54.336,66.216,56.232,62.35199999999999,49.05599999999999,10.967999999999998,24.983999999999998,48.791999999999994,49.704,23.808000000000003,20.736,19.247999999999998,26.856,31.247999999999998,53.999999999999986,37.152,37.824,25.823999999999998,16.488,0.0,19.464000000000002,15.24,12.168000000000003,18.168,35.279999999999994,24.264000000000006,23.663999999999998,16.176000000000002,32.327999999999996,48.168,29.327999999999996,30.215999999999998,36.431999999999995,33.599999999999994,1.2479999999999989,37.872,12.167999999999997,39.11999999999999,10.656,42.407999999999994,36.672000000000004,36.431999999999995,16.944,58.82399999999999,43.31999999999999,15.672,56.087999999999994,25.176000000000002,11.951999999999996,21.839999999999993,59.327999999999996,33.071999999999996,13.584,10.319999999999999,35.99999999999999,55.31999999999999,35.99999999999999,48.72,39.67199999999999,4.031999999999997,26.544000000000004,24.672,43.872,54.45599999999999,44.327999999999996,47.59199999999999,19.511999999999997,13.151999999999997,27.239999999999995,9.191999999999998,13.248000000000001,19.679999999999996,8.328,66.79199999999999,20.4,30.215999999999998,9.456000000000001,66.14399999999999,36.528,33.647999999999996,48.384,29.327999999999996,30.048,12.360000000000003,29.927999999999997,25.895999999999997,29.496000000000002,31.872,54.791999999999994,42.936,27.552,40.536,48.263999999999996,31.511999999999997,43.848,51.263999999999996
70.728,24.839999999999996,55.943999999999996,31.08,20.52,25.536,58.29599999999999,85.68,60.19199999999999,66.312,53.01599999999999,30.432,44.448,52.75199999999999,53.663999999999994,19.848,24.696,13.559999999999995,30.816,45.576,73.464,17.688000000000002,41.784,45.28799999999999,18.383999999999997,19.464000000000002,0.0,30.048,7.2959999999999985,14.207999999999998,32.232,28.224000000000004,43.12799999999999,3.287999999999999,38.256,67.63199999999999,33.288,34.176,40.391999999999996,53.06399999999999,20.712,55.512,19.247999999999998,58.584,19.272000000000002,61.872,24.648000000000003,40.391999999999996,24.887999999999998,62.784,62.784,3.792000000000001,60.047999999999995,29.136,9.335999999999999,41.304,63.28800000000001,31.32,9.624,23.639999999999997,55.464,74.784,48.504,52.68000000000001,59.135999999999996,23.496,30.504,28.631999999999998,63.336,58.416000000000004,50.016,67.056,38.97599999999999,17.112,46.704,24.863999999999997,17.208,39.144,13.344000000000001,70.75200000000001,27.144,33.93599999999999,27.288,70.104,40.488,37.608,28.919999999999995,48.791999999999994,34.007999999999996,11.424,25.968,6.431999999999999,36.672000000000004,27.912,58.75200000000001,62.4,39.38400000000001,60.0,67.728,50.976,63.312000000000005,70.728
40.68000000000001,51.384,27.816,49.751999999999995,50.568,51.023999999999994,39.096,55.632,40.992,47.111999999999995,33.815999999999995,19.392000000000003,14.399999999999999,33.55199999999999,34.464,39.04800000000001,17.352000000000004,29.831999999999997,20.688000000000002,16.008,43.416,47.736,22.584,17.304,27.071999999999996,15.24,30.048,0.0,22.752,33.408,45.864,23.856,13.079999999999998,26.759999999999998,17.087999999999997,37.583999999999996,14.087999999999997,19.392,21.191999999999997,23.016,15.672,25.464,10.799999999999999,28.536,10.775999999999996,31.824,47.256,35.495999999999995,32.184,43.583999999999996,32.736,26.255999999999997,40.848,24.144000000000005,27.192,18.791999999999998,44.088,48.312000000000005,28.824,25.56,25.415999999999997,44.736,20.759999999999994,33.480000000000004,29.087999999999997,18.072000000000003,11.304000000000002,27.768,33.288000000000004,39.216,29.087999999999997,37.007999999999996,20.112,19.752,16.656,24.432,15.480000000000002,9.095999999999998,16.703999999999997,51.552,5.160000000000001,45.456,5.784,50.90399999999999,21.288,41.97599999999999,58.967999999999996,18.744,14.808,22.944,45.168,36.48,14.256000000000002,47.112,39.552,32.352,12.312000000000001,29.951999999999998,37.68,20.928,33.264,40.68000000000001
63.431999999999995,28.631999999999998,48.647999999999996,33.0,27.816,28.272,55.848,78.38399999999999,57.74399999999999,63.864,50.568,23.136,37.152,50.30399999999999,51.215999999999994,22.296000000000003,22.248,11.111999999999997,28.368,38.28,66.16799999999999,24.983999999999998,39.336,37.992000000000004,15.935999999999996,12.168000000000003,7.2959999999999985,22.752,0.0,16.656,29.784,25.776000000000003,35.832,4.487999999999998,33.839999999999996,60.336,30.839999999999996,31.728,37.943999999999996,45.768,13.416,48.215999999999994,13.679999999999998,51.288,12.168,54.576,24.504,37.943999999999996,17.592,60.336,55.488,4.944000000000001,57.599999999999994,26.688000000000002,10.44,34.007999999999996,60.84,31.56,12.072000000000003,16.344,48.168,67.488,41.20799999999999,50.232,51.84,16.2,28.056,26.183999999999997,56.04,55.967999999999996,45.84,59.75999999999999,31.679999999999996,14.663999999999998,39.408,17.568,14.76,31.848,9.839999999999998,68.304,21.912000000000003,28.704,19.992000000000004,67.65599999999999,38.04,35.16,36.215999999999994,41.495999999999995,31.56,8.976,28.415999999999997,13.727999999999996,31.008000000000003,30.36,56.304,55.104,32.08800000000001,52.704,60.431999999999995,43.68000000000001,56.016000000000005,63.431999999999995
