0.0,66.624,72.144,37.92,53.352000000000004,42.38400000000001,9.696000000000007,32.592000000000006,36.888000000000005,66.93599999999999,32.352,60.072,24.744,47.28000000000001,44.136,26.736000000000004,36.72,24.744,12.455999999999989,71.976,44.495999999999995,6.215999999999999,74.27999999999999,17.640000000000004,27.071999999999996,31.800000000000004,51.647999999999996,56.88,57.480000000000004,39.768,15.072000000000003,35.976,68.928,57.168,10.824,20.424,19.536000000000005,43.848000000000006,62.304,55.872,53.112,8.784,47.376000000000005,40.344,67.896,50.232,54.024,32.112,36.936,37.896,6.744000000000005,66.816,25.631999999999998,46.176,5.543999999999997,49.584,75.312,40.51200000000001,49.584,58.24799999999999,14.591999999999995,24.384000000000007,9.959999999999992,36.264,20.183999999999994,16.055999999999997,19.896,53.952,23.639999999999997,63.912000000000006,41.76,74.904,73.872,24.312,16.631999999999994,78.432,48.96,14.711999999999996,16.751999999999992,23.976,9.503999999999998,29.591999999999995,32.016000000000005,64.032,56.831999999999994,23.904,59.903999999999996,24.599999999999998,31.272000000000002,15.479999999999997,16.104000000000003,6.6,52.895999999999994,43.008,46.488,12.984,60.0,56.61600000000001,33.528000000000006,56.472,45.576,0.0
66.624,0.0,9.120000000000001,28.704,38.712,26.111999999999995,66.09599999999999,82.896,82.29599999999999,52.29600000000001,34.272,8.279999999999998,72.072,48.336,45.528,84.04799999999999,29.904,41.88,54.983999999999995,5.3519999999999985,32.736,68.472,7.655999999999996,48.98399999999999,39.552,98.424,14.976000000000003,9.743999999999998,30.12,26.856,51.55199999999999,30.647999999999996,3.2159999999999953,14.399999999999997,77.448,54.696,47.087999999999994,70.824,47.663999999999994,10.751999999999999,61.272,57.84,23.424000000000003,26.279999999999998,53.25599999999999,32.28,12.599999999999998,34.51199999999999,29.688000000000002,71.448,59.87999999999999,52.175999999999995,92.25599999999999,20.447999999999997,61.080000000000005,46.848,8.687999999999997,45.552,34.944,16.008000000000003,66.288,65.95199999999998,57.91199999999999,30.359999999999996,46.440000000000005,50.568,46.727999999999994,50.4,42.984,49.272,38.544,13.08,7.248000000000002,90.696,52.152,11.808000000000002,67.824,65.304,65.18399999999998,42.647999999999996,72.72,96.21600000000001,37.43999999999999,7.152000000000003,12.000000000000002,42.71999999999999,20.928000000000004,42.023999999999994,35.352,51.144000000000005,60.023999999999994,73.22399999999999,21.744,42.19199999999999,20.136,53.88,45.36000000000001,10.007999999999997,46.536,41.832,21.048,66.624
72.144,9.120000000000001,0.0,34.224,30.216,35.232,71.61599999999999,88.41600000000001,87.816,52.199999999999996,39.791999999999994,17.4,77.592,53.856,51.048,89.568,35.424,47.4,60.504,13.895999999999997,41.856,73.99199999999999,6.983999999999996,54.504,45.072,103.944,20.496000000000002,16.464,21.0,32.376,57.072,36.168,12.335999999999997,14.975999999999996,82.968,60.215999999999994,52.60799999999999,76.344,38.544000000000004,16.272,66.79199999999999,63.35999999999999,32.544,31.799999999999997,44.136,23.16,18.119999999999997,40.032,35.208,76.968,65.39999999999999,51.408,97.77599999999998,25.968,66.6,52.367999999999995,10.655999999999999,51.072,26.880000000000003,13.896000000000004,71.808,71.472,63.431999999999995,35.879999999999995,51.96,56.088,52.248,55.92,48.504,49.51199999999999,44.064,3.9599999999999995,6.480000000000002,96.21600000000001,57.672,6.288000000000001,73.34400000000001,70.824,70.704,48.168,78.24,101.73599999999999,46.559999999999995,8.112000000000002,21.12,48.24,12.240000000000002,47.544000000000004,40.872,56.663999999999994,65.544,78.744,19.247999999999998,47.711999999999996,25.656,59.4,36.24,15.527999999999997,52.05599999999999,32.712,26.567999999999998,72.144
37.92,28.704,34.224,0.0,35.88,28.944,37.391999999999996,54.19199999999999,53.59199999999999,49.464,5.5680000000000005,22.152,43.368,29.808000000000003,26.663999999999998,55.344,19.487999999999996,13.176,29.92799999999999,34.056,35.568000000000005,39.768,36.35999999999999,23.4,10.848000000000003,69.72000000000001,13.727999999999996,18.96,27.287999999999997,23.784,22.848,11.831999999999995,31.007999999999996,19.248,48.744,37.896,18.383999999999997,42.11999999999999,44.832,17.952,35.64,29.136,26.256,2.4239999999999995,50.42399999999999,29.447999999999997,16.104000000000003,31.248,4.727999999999997,42.74400000000001,31.175999999999995,49.343999999999994,63.552,8.255999999999998,32.376000000000005,32.112,37.391999999999996,23.04,32.112,20.327999999999996,37.583999999999996,37.24799999999999,29.208,5.112000000000002,31.464000000000002,23.400000000000002,25.319999999999997,36.480000000000004,18.984000000000005,46.440000000000005,24.287999999999997,36.984,35.952,61.99199999999999,34.104,40.51200000000001,39.12,36.6,36.48,13.944,44.016000000000005,67.512,40.272,26.111999999999995,18.912000000000003,14.015999999999998,21.983999999999995,13.32,7.127999999999997,22.44,31.32,44.52,18.912000000000003,25.535999999999994,13.176000000000004,25.176000000000002,42.528,18.696,17.831999999999997,39.0,17.496000000000002,37.92
53.352000000000004,38.712,30.216,35.88,0.0,64.824,43.65599999999999,58.199999999999996,57.599999999999994,21.983999999999998,38.04,46.992,47.376000000000005,23.639999999999997,20.831999999999997,59.352,55.367999999999995,40.8,65.80799999999999,43.488,71.44800000000001,47.136,36.576,59.28,37.224000000000004,73.72800000000001,40.535999999999994,46.056000000000004,15.552000000000003,59.663999999999994,41.88,47.711999999999996,41.928,24.312000000000005,52.751999999999995,73.776,51.431999999999995,46.12799999999999,8.952,45.19199999999999,36.57599999999999,61.99199999999999,62.135999999999996,37.728,14.543999999999999,8.304,36.384,67.128,31.152,46.752,55.008,21.192,67.55999999999999,31.656000000000002,54.768,22.152,40.248,20.856,3.7680000000000007,22.703999999999997,67.944,41.25599999999999,63.312,30.768,67.34400000000001,59.28,61.199999999999996,25.703999999999997,54.864000000000004,19.295999999999996,13.847999999999995,32.976,36.072,66.0,69.984,36.504,43.12799999999999,68.064,70.104,46.224000000000004,62.856,71.52,76.152,31.56,50.712,46.344,17.976,43.68000000000001,43.008,40.848000000000006,37.248000000000005,54.24,16.968,17.496,49.05600000000001,40.368,6.647999999999999,43.29600000000001,21.84,4.031999999999999,18.383999999999997,53.352000000000004
42.38400000000001,26.111999999999995,35.232,28.944,64.824,0.0,41.855999999999995,58.656,58.056,78.408,26.784000000000002,17.832,47.83200000000001,58.751999999999995,55.608000000000004,59.808,9.456000000000003,24.024,30.744000000000003,29.591999999999995,6.624000000000003,44.232,31.895999999999994,24.744,27.599999999999998,74.18400000000001,24.288000000000004,18.768,56.232,5.160000000000001,27.312,17.112000000000005,26.543999999999997,40.51199999999999,53.208,30.456000000000003,22.848,55.32,73.776,19.632,64.584,33.6,4.992,27.095999999999997,79.368,58.391999999999996,28.439999999999998,10.272000000000002,33.672,49.367999999999995,35.64,78.288,68.01599999999999,33.168,36.84,61.05599999999999,32.928,51.983999999999995,61.056,42.12000000000001,42.04800000000001,41.711999999999996,33.672000000000004,34.056000000000004,22.200000000000006,26.328000000000003,22.488000000000003,65.424,18.744000000000003,75.384,53.232,39.19199999999999,31.487999999999996,66.456,27.912000000000006,36.047999999999995,60.431999999999995,41.064,40.944,18.599999999999998,48.480000000000004,71.976,11.327999999999998,33.264,14.447999999999999,18.48,47.04,21.144000000000002,21.816000000000003,26.904000000000003,35.784000000000006,48.98400000000001,47.856,54.48,15.767999999999995,29.640000000000008,71.472,21.527999999999995,45.0,67.944,46.440000000000005,42.38400000000001
9.696000000000007,66.09599999999999,71.61599999999999,37.391999999999996,43.65599999999999,41.855999999999995,0.0,22.895999999999997,27.192,57.24,31.823999999999995,59.54399999999998,15.047999999999995,37.583999999999996,34.43999999999999,17.952,36.19199999999999,24.215999999999994,22.151999999999997,71.448,43.967999999999996,3.4800000000000066,73.752,17.112,26.54399999999999,32.32800000000001,51.11999999999999,56.35199999999999,56.95199999999999,39.239999999999995,14.543999999999997,35.44799999999999,68.39999999999999,56.64,11.352000000000006,30.120000000000005,19.008,34.151999999999994,52.608000000000004,55.343999999999994,43.416,18.336000000000002,46.848,39.81599999999999,58.199999999999996,49.704,53.495999999999995,31.583999999999996,36.407999999999994,28.199999999999996,11.352,57.12,26.160000000000004,45.64799999999999,11.112000000000005,39.88799999999999,74.78399999999999,30.815999999999995,44.736,57.71999999999999,24.288,14.687999999999999,19.656,35.736,23.688000000000006,15.624000000000008,19.367999999999995,44.25599999999999,23.11199999999999,54.215999999999994,32.06399999999999,74.376,73.34400000000001,24.6,26.328,77.904,39.263999999999996,24.408,26.447999999999997,23.447999999999993,19.200000000000003,30.12,32.496,63.50399999999999,56.304,23.375999999999994,59.37599999999998,24.071999999999992,30.743999999999996,14.951999999999991,6.407999999999995,10.584,52.367999999999995,33.312,45.959999999999994,12.21599999999999,50.30399999999999,56.087999999999994,23.831999999999997,46.775999999999996,45.04799999999999,9.696000000000007
32.592000000000006,82.896,88.41600000000001,54.19199999999999,58.199999999999996,58.656,22.895999999999997,0.0,4.2959999999999985,36.216,48.623999999999995,76.344,10.823999999999993,34.559999999999995,37.36799999999999,5.856000000000002,52.99199999999999,41.01599999999999,45.04799999999999,88.24799999999999,60.768,26.376000000000005,90.55199999999999,38.52,43.34399999999999,16.63200000000001,67.91999999999999,73.152,73.752,56.04,31.343999999999994,52.248,85.2,73.44,27.864000000000004,53.016000000000005,35.808,12.071999999999997,55.92,72.144,21.624,41.232,63.648,56.615999999999985,50.855999999999995,66.504,70.29599999999999,48.384,53.20799999999999,11.447999999999997,34.248,37.007999999999996,9.360000000000003,62.447999999999986,34.008,36.047999999999995,91.58399999999999,37.343999999999994,61.536,74.52,47.184,16.944,42.55199999999999,52.536,46.58400000000001,38.52000000000001,40.440000000000005,32.495999999999995,39.911999999999985,38.904,44.352,91.176,90.144,8.280000000000003,49.224000000000004,94.704,16.367999999999995,47.304,49.343999999999994,40.24799999999999,42.096,19.416,55.392,80.304,73.104,40.175999999999995,76.17599999999999,40.87199999999999,47.544,31.751999999999992,22.871999999999993,33.48,69.16799999999999,40.704,62.75999999999999,29.01599999999999,56.544,72.888,36.35999999999999,62.231999999999985,61.847999999999985,32.592000000000006
36.888000000000005,82.29599999999999,87.816,53.59199999999999,57.599999999999994,58.056,27.192,4.2959999999999985,0.0,35.616,48.023999999999994,75.744,12.144000000000002,33.959999999999994,36.767999999999994,10.152000000000001,52.391999999999996,40.416,49.343999999999994,87.64799999999998,60.168,30.672000000000004,89.95199999999998,42.81600000000001,42.74399999999999,20.928000000000004,67.32,72.55199999999999,73.152,55.44,30.744,51.647999999999996,84.6,72.84,32.160000000000004,57.312000000000005,35.208000000000006,11.472,55.32,71.544,21.023999999999997,45.528,63.048,56.016,50.25599999999999,65.904,69.696,50.664,52.608000000000004,10.847999999999999,38.544000000000004,36.407999999999994,13.080000000000002,61.848,38.304,35.448,90.984,36.74399999999999,60.936,73.91999999999999,51.480000000000004,16.344,46.848,51.936,50.88,42.81600000000001,44.736,31.895999999999997,39.312,38.303999999999995,43.752,90.57600000000001,89.544,12.576000000000002,53.519999999999996,94.104,14.471999999999998,51.599999999999994,53.64,39.647999999999996,46.392,23.711999999999996,59.688,79.704,72.504,39.576,75.576,40.272,46.944,31.151999999999994,22.272,37.775999999999996,68.568,40.104,62.16,28.415999999999993,55.943999999999996,72.288,35.76,61.632,61.248,36.888000000000005
66.93599999999999,52.29600000000001,52.199999999999996,49.464,21.983999999999998,78.408,57.24,36.216,35.616,0.0,51.623999999999995,60.576,42.192,19.656,22.8,40.199999999999996,68.952,54.384,79.392,57.072,85.03200000000001,60.720000000000006,54.336,72.86399999999999,50.808,51.744,54.11999999999999,59.64,37.536,73.248,55.464,61.29599999999999,55.51199999999999,37.89600000000001,62.208,87.36000000000001,65.01599999999999,24.144,19.704,58.776,14.591999999999999,75.57600000000001,75.72000000000001,51.312000000000005,14.639999999999999,30.288,49.967999999999996,80.712,44.736,29.040000000000003,68.592,0.791999999999999,45.576,45.24,68.352,17.351999999999997,55.367999999999995,26.424000000000003,25.32,38.303999999999995,81.52799999999999,42.55199999999999,76.896,44.352,80.928,72.864,74.78399999999999,12.984,68.44800000000001,3.0240000000000005,25.176000000000002,54.96,53.928000000000004,44.016,83.568,58.488,21.144000000000002,81.64800000000001,83.68799999999999,59.808,76.44,53.75999999999999,89.736,45.144,64.296,59.928,39.959999999999994,57.263999999999996,56.59199999999999,54.431999999999995,50.831999999999994,67.824,32.952,23.928,62.64,53.952000000000005,20.327999999999996,56.88,33.408,26.016,31.968,66.93599999999999
32.352,34.272,39.791999999999994,5.5680000000000005,38.04,26.784000000000002,31.823999999999995,48.623999999999995,48.023999999999994,51.623999999999995,0.0,27.72,37.800000000000004,31.968,28.823999999999995,49.776,17.328,7.608,27.767999999999994,39.623999999999995,33.40800000000001,34.199999999999996,41.928,21.240000000000002,5.280000000000002,64.152,19.295999999999996,24.528,29.447999999999993,21.624000000000002,17.279999999999998,9.671999999999999,36.57599999999999,24.816000000000003,43.176,35.736000000000004,13.392,36.55199999999999,46.992,23.52,37.8,23.952,24.096000000000004,7.992,52.58399999999999,31.607999999999993,21.672,29.088000000000005,6.887999999999994,37.176,25.607999999999993,51.50399999999999,57.983999999999995,13.823999999999998,26.808000000000003,34.272,42.959999999999994,25.199999999999996,34.272,25.895999999999997,32.016,31.679999999999993,25.272,7.2719999999999985,29.304000000000006,21.240000000000006,23.16,38.64,16.82400000000001,48.599999999999994,26.447999999999993,42.552,41.52,56.42399999999999,31.944,46.080000000000005,33.647999999999996,31.031999999999996,32.064,8.376,38.44800000000001,61.943999999999996,38.112,31.679999999999996,24.48,8.447999999999999,27.551999999999996,7.752000000000001,4.968000000000001,16.872000000000003,25.752,38.952,21.072,27.695999999999998,14.136000000000001,19.608000000000004,44.687999999999995,24.264000000000003,18.215999999999998,41.16,19.656,32.352
60.072,8.279999999999998,17.4,22.152,46.992,17.832,59.54399999999998,76.344,75.744,60.576,27.72,0.0,65.52,41.784,38.976000000000006,77.496,23.352,35.327999999999996,48.431999999999995,11.904,24.456000000000003,61.91999999999999,14.207999999999997,42.431999999999995,33.0,91.872,8.424000000000001,3.191999999999998,38.4,20.304000000000002,45.0,24.095999999999997,8.855999999999998,22.679999999999996,70.896,48.14399999999999,40.535999999999994,64.27199999999999,55.944,4.1999999999999975,54.72,51.28799999999999,15.144000000000002,19.727999999999998,61.536,40.559999999999995,10.607999999999997,27.959999999999994,23.136,64.896,53.327999999999996,60.45599999999999,85.70399999999998,15.335999999999999,54.52799999999999,43.224,15.239999999999998,39.0,43.224,24.288,59.736,59.39999999999999,51.35999999999999,23.807999999999996,39.888,44.016,40.175999999999995,47.592000000000006,36.431999999999995,57.55199999999999,35.4,21.359999999999996,13.800000000000004,84.144,45.6,18.360000000000003,61.272,58.75199999999999,58.632,36.096,66.16799999999999,89.664,29.159999999999997,15.432,3.7200000000000037,36.168,29.208000000000002,35.472,28.799999999999997,44.592000000000006,53.472,66.672,30.023999999999997,36.647999999999996,13.583999999999998,47.327999999999996,53.64,3.6959999999999957,39.984,50.112,28.608000000000004,60.072
24.744,72.072,77.592,43.368,47.376000000000005,47.83200000000001,15.047999999999995,10.823999999999993,12.144000000000002,42.192,37.800000000000004,65.52,0.0,23.736,26.544,11.975999999999994,42.168,30.192000000000004,37.19999999999999,77.424,49.944,18.528000000000002,79.728,30.671999999999997,32.52,26.352,57.096,62.328,62.928000000000004,45.21600000000001,20.520000000000007,41.424,74.376,62.61600000000001,20.016,45.168,24.98400000000001,19.104000000000003,45.096000000000004,61.32000000000001,28.368,33.38399999999999,52.82400000000001,45.792,43.152,55.68000000000001,59.472,38.52,42.38400000000001,13.152000000000001,26.399999999999995,42.072,20.183999999999994,51.624,26.16,25.224000000000004,80.76,26.52,50.712,63.696,39.336,6.120000000000008,34.70399999999999,41.712,38.736,30.672,32.59199999999999,29.208000000000002,29.088,39.168,33.528000000000006,80.352,79.32000000000001,18.623999999999995,41.376,83.88000000000001,24.215999999999998,39.455999999999996,41.495999999999995,29.424000000000003,34.248,24.14399999999999,47.544,69.48,62.28,29.352000000000004,65.352,30.048000000000002,36.720000000000006,20.928,12.048000000000002,25.631999999999994,58.344,29.880000000000006,51.936,18.192,45.72,62.06400000000001,25.536000000000005,51.408,51.024,24.744
47.28000000000001,48.336,53.856,29.808000000000003,23.639999999999997,58.751999999999995,37.583999999999996,34.559999999999995,33.959999999999994,19.656,31.968,41.784,23.736,0.0,3.144000000000001,35.711999999999996,49.29599999999999,34.727999999999994,59.73599999999999,53.688,65.376,41.064,55.99199999999999,53.208,31.152,50.088,34.464,39.984,39.192,53.592,35.808,41.63999999999999,50.64,38.88,42.552,67.704,45.35999999999999,22.487999999999996,21.36,39.12,12.935999999999996,55.91999999999999,56.06400000000001,31.656000000000002,20.616,31.944,35.736,61.056,25.080000000000005,23.112,48.936,19.536,43.919999999999995,27.888,48.696,2.304,57.023999999999994,6.7680000000000025,26.976,39.959999999999994,61.872,22.895999999999997,57.239999999999995,24.695999999999998,61.272,53.208,55.12799999999999,6.671999999999998,48.792,16.631999999999998,9.792000000000002,56.616,55.584,42.35999999999999,63.91199999999999,60.144000000000005,19.487999999999996,61.99199999999999,64.032,40.152,56.784,47.879999999999995,70.08,45.74399999999999,44.64,40.272,41.616,37.608000000000004,36.936,34.776,31.176,48.168,34.608,6.144000000000001,42.98400000000001,34.296,21.983999999999998,38.328,13.751999999999999,27.671999999999997,27.288,47.28000000000001
44.136,45.528,51.048,26.663999999999998,20.831999999999997,55.608000000000004,34.43999999999999,37.36799999999999,36.767999999999994,22.8,28.823999999999995,38.976000000000006,26.544,3.144000000000001,0.0,38.51999999999999,46.152,31.584,56.59199999999999,50.88,62.232000000000006,37.92,53.184,50.06399999999999,28.008000000000003,52.895999999999994,31.319999999999993,36.84,36.384,50.44799999999999,32.663999999999994,38.495999999999995,47.832,36.072,39.408,64.55999999999999,42.21599999999999,25.295999999999996,18.552,35.97599999999999,15.743999999999996,52.775999999999996,52.92,28.512000000000004,23.759999999999994,29.136,32.928000000000004,57.912000000000006,21.936,25.92,45.791999999999994,22.679999999999996,46.727999999999994,25.08,45.552,5.448000000000001,54.21599999999999,3.6240000000000014,24.168,37.151999999999994,58.727999999999994,20.423999999999996,54.096,21.552,58.12799999999999,50.06399999999999,51.98399999999999,9.815999999999999,45.648,19.775999999999996,6.984000000000002,53.808,52.776,45.168,60.768,57.336000000000006,22.295999999999996,58.848,60.88799999999999,37.008,53.64,50.68799999999999,66.93599999999999,42.936,41.496,37.12799999999999,38.80799999999999,34.464,33.791999999999994,31.631999999999998,28.031999999999996,45.023999999999994,31.799999999999997,3.336000000000001,39.84,31.152,19.176,35.52,10.607999999999997,24.863999999999997,24.479999999999997,44.136
26.736000000000004,84.04799999999999,89.568,55.344,59.352,59.808,17.952,5.856000000000002,10.152000000000001,40.199999999999996,49.776,77.496,11.975999999999994,35.711999999999996,38.51999999999999,0.0,54.14399999999999,42.168,39.19199999999999,89.39999999999999,61.92,20.52,91.704,35.064,44.495999999999995,14.376000000000005,69.072,74.304,74.904,57.19199999999999,32.496,53.4,86.352,74.592,22.008000000000003,47.160000000000004,36.96,17.112000000000002,57.072,73.29599999999999,26.375999999999998,35.376,64.8,57.768,52.008,67.656,71.44800000000001,49.536,54.35999999999999,12.599999999999998,28.392,40.08,8.208,63.599999999999994,28.152000000000005,37.199999999999996,92.736,38.495999999999995,62.688,75.672,41.327999999999996,18.096,36.696,53.688,40.728,33.48,37.32,33.647999999999996,41.064,40.056000000000004,45.504,92.32799999999999,91.296,6.648000000000001,43.368,95.856,22.224,41.44800000000001,43.48799999999999,41.4,36.24,13.559999999999999,49.536,81.45599999999999,74.256,41.327999999999996,77.32799999999999,42.023999999999994,48.696,32.903999999999996,24.023999999999994,27.624,70.32,41.855999999999995,63.912000000000006,30.167999999999996,57.696,74.04,37.51199999999999,63.383999999999986,63.0,26.736000000000004
36.72,29.904,35.424,19.487999999999996,55.367999999999995,9.456000000000003,36.19199999999999,52.99199999999999,52.391999999999996,68.952,17.328,23.352,42.168,49.29599999999999,46.152,54.14399999999999,0.0,14.568,25.08,35.256,16.080000000000005,38.568,37.56,19.079999999999995,18.143999999999995,68.52,14.928,20.160000000000004,46.775999999999996,4.296000000000002,21.647999999999993,7.656000000000002,32.208000000000006,31.055999999999994,47.544,24.791999999999994,17.18399999999999,45.864,64.32,19.152000000000005,55.12799999999999,27.935999999999996,10.656000000000008,17.639999999999993,69.91199999999999,48.936,18.983999999999995,11.760000000000005,24.215999999999994,41.544,29.975999999999992,68.832,62.35199999999999,23.711999999999996,31.176,51.599999999999994,38.592000000000006,42.528,51.599999999999994,32.664,36.38399999999999,36.04799999999999,28.007999999999996,24.599999999999998,16.536,20.663999999999998,16.823999999999995,55.967999999999996,13.079999999999998,65.928,43.775999999999996,38.184000000000005,37.152,60.791999999999994,22.247999999999998,41.712,50.976,35.39999999999999,35.279999999999994,12.743999999999996,42.815999999999995,66.312,20.784,27.312,20.112000000000005,12.815999999999995,37.583999999999996,12.119999999999997,12.36,21.24,30.119999999999997,43.31999999999999,38.4,45.023999999999994,9.768000000000004,23.976,62.016,19.896000000000004,35.544,58.488,36.984,36.72
24.744,41.88,47.4,13.176,40.8,24.024,24.215999999999994,41.01599999999999,40.416,54.384,7.608,35.327999999999996,30.192000000000004,34.727999999999994,31.584,42.168,14.568,0.0,25.007999999999996,47.232,30.648000000000007,26.592,49.536,18.48,3.575999999999996,56.544000000000004,26.903999999999996,32.136,32.736,18.864,9.671999999999999,11.232,44.18399999999999,32.424,35.568,32.976000000000006,10.632,31.295999999999996,49.75199999999999,31.128,40.559999999999995,21.192,22.632,15.6,55.344,34.367999999999995,29.28,26.328000000000003,12.192,29.567999999999998,17.999999999999996,54.263999999999996,50.376000000000005,21.432,19.200000000000003,37.032,50.568,27.959999999999994,37.032,33.504,27.144,24.071999999999992,22.511999999999997,11.520000000000001,26.544000000000004,18.480000000000008,20.4,41.4,14.064000000000007,51.35999999999999,29.207999999999995,50.16,49.12799999999999,48.815999999999995,29.183999999999997,53.688,36.408,27.264000000000003,29.303999999999995,5.424000000000004,30.840000000000003,54.336,35.352,39.28799999999999,32.088,5.544000000000001,35.16,2.8800000000000026,6.528000000000001,9.264000000000003,18.144000000000002,31.344,28.152,30.455999999999992,21.744,12.000000000000004,47.448,31.872,20.976,43.92,22.416,24.744
12.455999999999989,54.983999999999995,60.504,29.92799999999999,65.80799999999999,30.744000000000003,22.151999999999997,45.04799999999999,49.343999999999994,79.392,27.767999999999994,48.431999999999995,37.19999999999999,59.73599999999999,56.59199999999999,39.19199999999999,25.08,25.007999999999996,0.0,60.336,32.856,18.67199999999999,62.64,6.5279999999999925,28.58399999999999,43.440000000000005,40.008,45.24,57.21599999999999,28.128,23.927999999999994,24.336,57.288,45.528000000000006,22.464,7.968000000000009,14.375999999999996,56.30399999999999,74.75999999999999,44.232,65.568,3.8159999999999954,35.736000000000004,28.704,80.35199999999999,59.37599999999999,42.38400000000001,20.472,34.65599999999999,50.35199999999999,10.799999999999995,79.272,37.272,34.536,11.03999999999999,62.03999999999999,63.672,52.96799999999999,62.03999999999999,46.608,11.303999999999997,36.839999999999996,2.9279999999999973,35.03999999999999,8.543999999999997,6.527999999999988,8.256000000000002,66.40799999999999,12.0,76.368,54.21599999999999,63.264,62.232000000000006,36.767999999999994,4.176000000000005,66.792,61.41599999999999,10.319999999999997,10.199999999999996,19.583999999999993,17.736,41.232,20.376000000000005,52.391999999999996,45.192,19.463999999999995,48.263999999999996,22.127999999999993,22.799999999999994,24.95999999999999,28.55999999999999,18.24,48.83999999999999,55.463999999999984,34.848,25.43999999999999,72.45599999999999,44.976000000000006,45.98399999999999,68.928,47.42399999999999,12.455999999999989
71.976,5.3519999999999985,13.895999999999997,34.056,43.488,29.591999999999995,71.448,88.24799999999999,87.64799999999998,57.072,39.623999999999995,11.904,77.424,53.688,50.88,89.39999999999999,35.256,47.232,60.336,0.0,27.960000000000004,73.824,6.912000000000002,54.336,44.904,103.776,20.328,15.095999999999997,34.895999999999994,32.208,56.903999999999996,36.0,3.048000000000001,19.175999999999995,82.8,60.047999999999995,52.43999999999999,76.17599999999999,52.44,16.103999999999996,66.624,63.19199999999999,24.599999999999994,31.631999999999998,58.032,37.056000000000004,17.951999999999995,39.864,35.04,76.8,65.232,56.952,97.608,25.799999999999997,66.432,52.199999999999996,3.335999999999999,50.903999999999996,39.72,20.784000000000002,71.64,71.30399999999999,63.263999999999996,35.711999999999996,51.792,55.92,52.08,55.751999999999995,48.336,54.047999999999995,43.895999999999994,17.855999999999998,7.415999999999996,96.04799999999999,57.504,14.711999999999996,73.176,70.65599999999999,70.536,48.0,78.072,101.568,39.959999999999994,11.928,15.143999999999997,48.072,25.704,47.376000000000005,40.704,56.495999999999995,65.376,78.57600000000001,26.52,47.544,25.487999999999996,59.232,50.135999999999996,15.359999999999996,51.88799999999999,46.608000000000004,26.4,71.976
44.495999999999995,32.736,41.856,35.568000000000005,71.44800000000001,6.624000000000003,43.967999999999996,60.768,60.168,85.03200000000001,33.40800000000001,24.456000000000003,49.944,65.376,62.232000000000006,61.92,16.080000000000005,30.648000000000007,32.856,27.960000000000004,0.0,46.344,34.87200000000001,26.855999999999998,34.224000000000004,76.296,30.91200000000001,25.392000000000003,62.856,11.784000000000004,29.568000000000005,23.736000000000008,29.52000000000001,47.136,55.32,32.568,24.959999999999994,61.944,80.39999999999999,26.256000000000007,71.208,35.712,9.312000000000001,33.72,85.99199999999999,65.016,35.064,12.384,40.296,55.992000000000004,37.751999999999995,84.912,70.128,39.792,38.952000000000005,67.68,31.200000000000006,58.608000000000004,67.68,48.744,44.16,43.82399999999999,35.784,40.68000000000001,24.312000000000005,28.44,24.599999999999998,72.048,20.856,82.008,59.856,45.81600000000001,35.376,68.568,30.024,42.672000000000004,67.05600000000001,43.176,43.05599999999999,25.224000000000004,50.592,74.088,12.479999999999997,39.88800000000001,20.736,25.104000000000006,53.664,27.768000000000004,28.440000000000005,30.6,37.896,51.096,54.480000000000004,61.104,22.392,31.752000000000002,78.09600000000002,28.152,51.62400000000001,74.56800000000001,53.06400000000001,44.495999999999995
6.215999999999999,68.472,73.99199999999999,39.768,47.136,44.232,3.4800000000000066,26.376000000000005,30.672000000000004,60.720000000000006,34.199999999999996,61.91999999999999,18.528000000000002,41.064,37.92,20.52,38.568,26.592,18.67199999999999,73.824,46.344,0.0,76.128,19.488000000000003,28.919999999999995,29.952000000000005,53.495999999999995,58.727999999999994,59.327999999999996,41.616,16.92,37.824,70.776,59.016000000000005,8.976,26.639999999999997,21.384000000000004,37.632000000000005,56.08800000000001,57.72,46.89600000000001,14.855999999999995,49.224000000000004,42.19199999999999,61.68000000000001,52.080000000000005,55.872,33.96,38.784,31.68,8.592000000000004,60.60000000000001,23.784,48.023999999999994,7.631999999999999,43.368,77.16,34.296,47.112,60.096,20.807999999999996,18.168000000000006,16.17599999999999,38.112,22.031999999999993,17.903999999999996,21.744,47.736,25.487999999999996,57.696000000000005,35.544,76.75200000000001,75.72000000000001,22.224,22.847999999999995,80.28,42.74400000000001,20.927999999999997,22.967999999999993,25.823999999999998,15.719999999999997,27.743999999999996,33.864000000000004,65.87999999999998,58.68000000000001,25.752,61.75199999999999,26.447999999999997,33.12,17.327999999999996,9.888000000000002,7.103999999999993,54.744,36.792,48.336,14.591999999999995,53.784,58.464,27.312000000000005,50.256,47.42399999999999,6.215999999999999
74.27999999999999,7.655999999999996,6.983999999999996,36.35999999999999,36.576,31.895999999999994,73.752,90.55199999999999,89.95199999999998,54.336,41.928,14.207999999999997,79.728,55.99199999999999,53.184,91.704,37.56,49.536,62.64,6.912000000000002,34.87200000000001,76.128,0.0,56.64,47.208000000000006,106.08,22.631999999999998,17.399999999999995,27.983999999999995,34.51199999999999,59.20799999999999,38.303999999999995,5.3519999999999985,17.11199999999999,85.104,62.352,54.743999999999986,78.47999999999999,45.528,18.407999999999994,68.928,65.496,26.903999999999993,33.93599999999999,51.11999999999999,30.143999999999995,20.255999999999993,42.168,37.343999999999994,79.104,67.53599999999999,53.544,99.91199999999998,28.103999999999996,68.736,54.50399999999999,3.6720000000000006,53.208,32.808,16.032,73.94399999999999,73.60799999999999,65.56799999999998,38.01599999999999,54.096,58.22399999999999,54.384,58.05599999999999,50.64,51.647999999999996,46.199999999999996,10.943999999999997,0.5039999999999946,98.352,59.808,7.799999999999995,75.47999999999999,72.96,72.83999999999999,50.304,80.37599999999999,103.872,42.26399999999999,10.248,17.447999999999993,50.37599999999999,18.791999999999998,49.67999999999999,43.007999999999996,58.8,67.67999999999999,80.88000000000001,21.383999999999997,49.847999999999985,27.791999999999994,61.536,43.224000000000004,17.663999999999994,54.19199999999999,39.696,28.703999999999997,74.27999999999999
17.640000000000004,48.98399999999999,54.504,23.4,59.28,24.744,17.112,38.52,42.81600000000001,72.86399999999999,21.240000000000002,42.431999999999995,30.671999999999997,53.208,50.06399999999999,35.064,19.079999999999995,18.48,6.5279999999999925,54.336,26.855999999999998,19.488000000000003,56.64,0.0,22.055999999999997,49.44,34.007999999999996,39.24,50.68799999999999,22.127999999999997,17.4,18.335999999999995,51.28799999999999,39.528,28.464000000000002,14.496000000000002,7.8480000000000025,49.776,68.232,38.232,59.04,8.856000000000003,29.736,22.703999999999997,73.824,52.848000000000006,36.384,14.471999999999998,28.127999999999997,43.82399999999999,10.895999999999997,72.744,43.272,28.535999999999994,12.096000000000005,55.512,57.672,46.440000000000005,55.512,40.60799999999998,17.304000000000002,30.312000000000005,8.928,28.512,8.064000000000002,1.5840000000000045,2.255999999999999,59.879999999999995,5.999999999999996,69.84,47.687999999999995,57.263999999999996,56.232,41.712,10.703999999999997,60.791999999999994,54.888,16.32,16.2,13.055999999999997,23.736000000000004,47.232,16.871999999999996,46.391999999999996,39.19199999999999,12.936,42.263999999999996,15.6,16.272000000000002,18.432,22.032,24.240000000000002,42.312000000000005,48.936,28.848,18.911999999999995,65.928,38.976000000000006,39.456,62.4,40.895999999999994,17.640000000000004
27.071999999999996,39.552,45.072,10.848000000000003,37.224000000000004,27.599999999999998,26.54399999999999,43.34399999999999,42.74399999999999,50.808,5.280000000000002,33.0,32.52,31.152,28.008000000000003,44.495999999999995,18.143999999999995,3.575999999999996,28.58399999999999,44.904,34.224000000000004,28.919999999999995,47.208000000000006,22.055999999999997,0.0,58.872,24.576,29.808000000000003,30.408,22.439999999999998,11.999999999999995,10.487999999999994,41.856,30.096000000000004,37.895999999999994,36.552,14.207999999999995,31.27199999999999,46.176,28.800000000000004,36.984,24.767999999999994,24.912,13.272000000000002,51.768,30.791999999999998,26.952000000000005,29.904,9.864000000000003,31.895999999999997,20.327999999999992,50.68799999999999,52.704,19.104000000000003,21.528000000000002,33.456,48.24,24.384,33.456,31.176,30.719999999999995,26.39999999999999,26.087999999999994,9.192000000000004,30.12,22.056,23.975999999999996,37.824000000000005,17.640000000000004,47.784,25.631999999999998,47.832,46.8,51.14399999999999,32.76,51.36,32.832,30.839999999999996,32.879999999999995,9.0,33.168,56.663999999999994,38.928,36.96,29.760000000000005,9.119999999999997,32.832,6.455999999999999,5.783999999999996,11.592,20.471999999999998,33.672,25.824,26.879999999999995,19.416000000000004,14.328000000000001,43.872,29.544000000000004,17.400000000000002,40.344,18.840000000000003,27.071999999999996
31.800000000000004,98.424,103.944,69.72000000000001,73.72800000000001,74.18400000000001,32.32800000000001,16.63200000000001,20.928000000000004,51.744,64.152,91.872,26.352,50.088,52.895999999999994,14.376000000000005,68.52,56.544000000000004,43.440000000000005,103.776,76.296,29.952000000000005,106.08,49.44,58.872,0.0,83.44800000000001,88.68,89.28,71.568,46.872,67.776,100.728,88.96800000000002,20.976000000000003,43.728,51.336000000000006,27.888000000000005,71.44800000000001,87.672,37.152,40.58400000000001,79.176,72.144,66.384,82.03200000000001,85.82400000000001,63.912000000000006,68.736,26.976000000000003,38.544000000000004,52.53600000000001,7.848000000000004,77.976,37.344,51.57599999999999,107.112,52.872,77.064,90.04799999999999,32.136,32.47200000000001,40.51200000000001,68.06400000000001,51.983999999999995,47.856,51.696000000000005,48.024,55.44,54.432,59.88,106.70400000000001,105.672,8.352000000000002,46.272,110.23200000000001,33.0,33.120000000000005,33.24000000000001,55.776,25.704,2.783999999999993,63.816,95.832,88.63200000000002,55.704,91.704,56.4,63.072,47.28000000000001,38.4,25.200000000000003,84.69600000000001,56.232,78.28800000000001,44.544000000000004,72.072,88.41600000000001,51.888,77.75999999999999,77.376,31.800000000000004
51.647999999999996,14.976000000000003,20.496000000000002,13.727999999999996,40.535999999999994,24.288000000000004,51.11999999999999,67.91999999999999,67.32,54.11999999999999,19.295999999999996,8.424000000000001,57.096,34.464,31.319999999999993,69.072,14.928,26.903999999999996,40.008,20.328,30.91200000000001,53.495999999999995,22.631999999999998,34.007999999999996,24.576,83.44800000000001,0.0,5.520000000000006,31.943999999999992,19.128000000000004,36.57599999999999,15.671999999999997,17.28,16.22399999999999,62.472,39.71999999999999,32.111999999999995,55.847999999999985,49.48799999999999,4.656000000000003,46.296,42.864,21.60000000000001,11.303999999999997,55.079999999999984,34.10399999999999,4.151999999999992,26.592000000000006,14.711999999999996,56.472,44.90399999999999,53.999999999999986,77.27999999999999,8.879999999999994,46.104,36.767999999999994,23.663999999999998,30.576,36.767999999999994,17.831999999999997,51.31199999999998,50.975999999999985,42.936,15.383999999999995,31.464000000000002,35.592,31.751999999999995,41.136,28.008,51.096,28.943999999999992,23.256000000000004,22.224000000000004,75.71999999999998,37.176,26.784000000000002,52.848,50.327999999999996,50.207999999999984,27.671999999999997,57.74399999999999,81.24,35.616,12.384,10.176000000000009,27.743999999999996,22.751999999999995,27.048,20.375999999999994,36.168,45.047999999999995,58.248,23.567999999999994,30.19199999999999,8.52000000000001,38.904,47.18399999999999,4.968000000000004,31.559999999999995,43.65599999999999,22.151999999999997,51.647999999999996
56.88,9.743999999999998,16.464,18.96,46.056000000000004,18.768,56.35199999999999,73.152,72.55199999999999,59.64,24.528,3.191999999999998,62.328,39.984,36.84,74.304,20.160000000000004,32.136,45.24,15.095999999999997,25.392000000000003,58.727999999999994,17.399999999999995,39.24,29.808000000000003,88.68,5.520000000000006,0.0,37.464,17.112000000000002,41.808,20.904,12.047999999999996,21.743999999999996,67.704,44.952,37.343999999999994,61.08,55.008,1.0079999999999998,51.52799999999999,48.096,16.080000000000002,16.536,60.599999999999994,39.624,9.671999999999999,24.768,19.944,61.704,50.135999999999996,59.51999999999999,82.51199999999999,14.399999999999999,51.336,42.28799999999999,18.431999999999995,35.808,42.288000000000004,23.352000000000004,56.544000000000004,56.20799999999999,48.168,20.616,36.696000000000005,40.824000000000005,36.984,46.656,33.24,56.616,34.464,20.424,16.992,80.95200000000001,42.408,21.552,58.080000000000005,55.559999999999995,55.44,32.904,62.976,86.472,30.095999999999997,14.496000000000002,4.656000000000003,32.976,28.272000000000002,32.28,25.607999999999997,41.4,50.28,63.480000000000004,29.088,35.711999999999996,10.392,44.136,52.704,2.7599999999999967,36.792,49.176,27.672,56.88
57.480000000000004,30.12,21.0,27.287999999999997,15.552000000000003,56.232,56.95199999999999,73.752,73.152,37.536,29.447999999999993,38.4,62.928000000000004,39.192,36.384,74.904,46.775999999999996,32.736,57.21599999999999,34.895999999999994,62.856,59.327999999999996,27.983999999999995,50.68799999999999,30.408,89.28,31.943999999999992,37.464,0.0,51.072,42.408,39.11999999999999,33.33599999999999,15.72,68.304,65.184,42.839999999999996,61.67999999999999,17.832,36.599999999999994,52.12799999999999,53.4,53.544000000000004,29.136,23.136,7.248000000000002,27.791999999999998,58.536,22.56,62.304,50.736,36.744,83.11200000000001,23.063999999999997,51.936,37.704,31.65599999999999,36.408,12.216000000000001,14.111999999999993,59.35199999999999,56.80799999999999,54.71999999999999,22.175999999999995,58.751999999999995,50.688,52.60799999999999,41.256,46.272,34.848,29.4,17.424,27.48,81.552,61.391999999999996,20.952,58.68000000000001,59.472,61.511999999999986,37.632,63.576,87.072,67.55999999999999,22.967999999999996,42.12,37.751999999999995,9.191999999999995,35.087999999999994,34.416,42.0,50.88,64.08,8.375999999999998,33.047999999999995,40.464,44.736,17.208000000000002,34.704,37.391999999999996,11.712000000000003,11.904000000000002,57.480000000000004
39.768,26.856,32.376,23.784,59.663999999999994,5.160000000000001,39.239999999999995,56.04,55.44,73.248,21.624000000000002,20.304000000000002,45.21600000000001,53.592,50.44799999999999,57.19199999999999,4.296000000000002,18.864,28.128,32.208,11.784000000000004,41.616,34.51199999999999,22.127999999999997,22.439999999999998,71.568,19.128000000000004,17.112000000000002,51.072,0.0,24.695999999999998,11.952000000000005,29.159999999999997,35.352,50.59199999999999,27.839999999999996,20.231999999999996,50.16,68.616,16.104000000000003,59.424,30.983999999999998,7.608000000000004,21.935999999999996,74.208,53.232,23.279999999999998,7.655999999999999,28.511999999999997,44.59199999999999,33.023999999999994,73.128,65.39999999999999,28.008,34.224000000000004,55.895999999999994,35.544,46.82399999999999,55.895999999999994,36.96,39.431999999999995,39.096,31.055999999999997,28.896,19.584000000000003,23.712,19.871999999999996,60.263999999999996,16.128,70.22399999999999,48.072,35.136,34.104,63.84,25.296,38.663999999999994,55.272,38.448,38.327999999999996,15.792,45.864,69.36,16.487999999999996,28.104,17.064000000000004,15.863999999999997,41.88,15.984,16.656000000000002,24.288,33.168,46.368,42.696,49.31999999999999,10.607999999999995,27.024,66.312,16.848000000000003,39.84,62.784000000000006,41.28000000000001,39.768
