0.0,27.432000000000002,63.888,34.392,9.095999999999998,33.84,3.455999999999994,19.44000000000001,27.0,51.60000000000001,48.312000000000005,33.263999999999996,36.936,33.0,16.896,30.528000000000006,57.98400000000001,19.152,32.712,48.408,74.088,67.224,45.24,24.024,32.400000000000006,27.648000000000003,12.767999999999992,73.152,18.912000000000003,44.64,12.792000000000003,25.848,25.392000000000003,12.239999999999995,4.727999999999997,25.008000000000003,30.960000000000004,10.968000000000009,40.36800000000001,55.512,53.952000000000005,4.176,45.144000000000005,44.928000000000004,15.192000000000004,18.936,25.848,17.927999999999997,67.584,65.304,41.61600000000001,53.160000000000004,68.064,39.36000000000001,37.32,63.192,27.288000000000004,55.392,49.008,9.576000000000004,40.752,52.008,36.36000000000001,65.424,69.624,15.143999999999997,41.160000000000004,34.56,59.135999999999996,32.232,68.256,54.55200000000001,9.552000000000001,68.616,37.89600000000001,35.25600000000001,25.104,15.239999999999997,35.592000000000006,49.367999999999995,51.38400000000001,23.424000000000003,50.04,37.968,52.176,48.24,20.01599999999999,51.263999999999996,10.991999999999996,21.744000000000003,55.32,38.544000000000004,47.016000000000005,21.311999999999998,59.496,61.29599999999999,35.856,6.168,53.568,34.224000000000004,40.58400000000001,0.0
27.432000000000002,0.0,52.68000000000001,13.728000000000002,36.528,12.312000000000001,24.023999999999997,23.351999999999993,23.951999999999995,40.39200000000001,37.104000000000006,60.696,23.471999999999998,21.792000000000005,10.536000000000001,30.551999999999992,30.552,32.808,22.943999999999996,37.199999999999996,46.65599999999999,56.016000000000005,25.776000000000003,28.55999999999999,57.768,23.784,40.199999999999996,45.71999999999999,8.520000000000001,19.415999999999993,14.639999999999999,12.288,2.039999999999999,39.672000000000004,30.864,4.200000000000004,56.61600000000001,16.463999999999995,29.160000000000004,34.464,26.52,23.256000000000004,17.712,33.720000000000006,42.0,16.512,53.28,39.023999999999994,56.376000000000005,54.096000000000004,14.184,29.184000000000005,56.856,28.152000000000005,26.112000000000002,35.76,16.080000000000005,27.96,37.800000000000004,17.855999999999998,40.008,40.800000000000004,8.927999999999999,37.992000000000004,42.19199999999999,42.576,29.952000000000005,23.352000000000004,47.928,22.895999999999997,40.82399999999999,43.344,17.880000000000003,41.184,26.688000000000006,25.53599999999999,23.591999999999995,26.447999999999997,9.983999999999996,38.16,40.176,40.727999999999994,22.608,10.824000000000003,37.512,37.032000000000004,47.447999999999986,23.831999999999997,38.42399999999999,30.215999999999994,44.112,27.336,35.808,48.744,48.28800000000001,33.864,24.648000000000003,32.592,29.160000000000004,6.792000000000002,29.376000000000005,27.432000000000002
63.888,52.68000000000001,0.0,38.952,66.648,40.368,67.344,76.032,36.888,12.287999999999993,19.896000000000004,60.096000000000004,76.152,30.887999999999998,58.512,83.232,31.151999999999994,44.736,75.624,19.848000000000003,47.25599999999999,5.879999999999994,26.903999999999996,39.864,57.168,36.239999999999995,55.29599999999999,46.31999999999999,51.88799999999999,72.09599999999999,61.8,64.968,54.48,53.087999999999994,68.616,48.48,56.016000000000005,66.36,23.519999999999996,28.679999999999996,27.119999999999997,62.25599999999999,69.288,18.959999999999997,48.696,69.19200000000001,52.68000000000001,45.96,18.336000000000002,1.9440000000000075,49.82399999999999,26.327999999999996,19.296000000000003,24.527999999999995,26.567999999999998,38.76,36.599999999999994,60.383999999999986,25.632000000000005,68.28,39.408,11.879999999999994,56.855999999999995,38.59199999999999,42.791999999999994,56.663999999999994,22.727999999999998,29.327999999999996,21.648,31.656,41.42399999999999,9.335999999999995,69.84,41.78399999999999,25.991999999999994,78.216,76.27199999999999,79.128,62.663999999999994,15.671999999999997,12.503999999999992,40.464,64.344,41.855999999999995,25.343999999999994,15.647999999999994,57.215999999999994,29.279999999999998,54.48,42.144,8.568,25.344,30.984,53.18399999999999,16.391999999999996,53.71199999999999,28.031999999999996,70.056,26.735999999999997,56.64,23.304,63.888
34.392,13.728000000000002,38.952,0.0,43.488,1.4159999999999997,30.983999999999998,37.07999999999999,30.911999999999995,26.664000000000005,27.456000000000003,67.656,37.199999999999996,27.168000000000003,19.56,44.279999999999994,23.591999999999995,39.768,36.672,27.407999999999998,39.696,42.28800000000001,12.048,35.51999999999999,64.728,30.744,47.16,38.76,15.480000000000002,33.144,22.848,26.016,15.527999999999997,46.632,37.824000000000005,9.527999999999997,63.576,27.407999999999994,15.432000000000002,21.12,19.559999999999995,30.216,30.335999999999995,19.992000000000004,48.959999999999994,30.240000000000002,60.24,45.984,42.647999999999996,40.368,10.871999999999998,18.768,43.12799999999999,14.424000000000003,17.232,28.799999999999997,8.976,21.432,33.192,29.327999999999996,46.967999999999996,27.072000000000006,17.904,31.031999999999996,35.232,49.536,16.224000000000004,9.624000000000004,34.199999999999996,29.855999999999998,33.864,29.616000000000003,30.888,34.224,12.960000000000004,39.263999999999996,37.31999999999999,40.175999999999995,23.711999999999996,24.432,26.448000000000008,47.687999999999995,25.391999999999996,3.5760000000000005,23.784,23.304000000000006,54.407999999999994,16.872,45.384,37.175999999999995,30.384,24.071999999999996,38.544000000000004,55.704,34.56,26.904,10.920000000000002,39.552,19.176,17.687999999999995,21.312,34.392
9.095999999999998,36.528,66.648,43.488,0.0,42.936,12.504000000000001,28.536000000000005,29.759999999999994,54.36,51.072,26.855999999999995,46.032,35.76,25.991999999999997,39.624,67.08,21.911999999999995,41.808,51.168,83.18399999999998,69.984,54.336,26.784,35.160000000000004,30.407999999999998,11.352,82.24799999999999,28.008,53.736,21.888,34.943999999999996,34.488,13.560000000000004,5.663999999999999,34.104,33.72,20.064000000000007,47.160000000000004,64.608,63.048,13.271999999999998,54.24,47.688,17.952,28.031999999999996,26.784,20.68799999999999,70.344,68.06400000000001,50.712,62.256,70.824,42.11999999999999,40.08,72.288,34.512,64.488,51.768,18.672,43.51199999999999,54.768,45.456,74.52,78.71999999999998,9.984,43.92,38.232,61.895999999999994,34.992,77.352,57.312000000000005,18.648,77.712,41.568,44.35200000000001,34.199999999999996,18.912,44.688,52.12799999999999,54.144000000000005,26.183999999999997,59.135999999999996,47.064,61.272,51.00000000000001,10.919999999999993,60.35999999999999,12.168,24.504,58.08,41.304,49.776,13.464000000000006,62.256,70.392,43.32,3.9360000000000013,62.663999999999994,43.32,43.344,9.095999999999998
33.84,12.312000000000001,40.368,1.4159999999999997,42.936,0.0,30.432,35.663999999999994,30.359999999999996,28.080000000000005,26.904,67.104,35.784,26.616000000000003,18.144000000000002,42.864,24.143999999999995,39.216,35.256,26.855999999999998,40.248,43.704,13.464,34.96799999999999,64.17599999999999,30.192,46.608,39.312,14.928,31.727999999999994,21.432,24.599999999999998,14.111999999999997,46.08,37.272,8.831999999999999,63.024,25.991999999999994,16.848000000000003,22.152,20.112,29.664,28.919999999999995,21.408000000000005,48.407999999999994,28.824,59.688,45.431999999999995,44.064,41.784000000000006,9.455999999999998,19.32,44.544000000000004,15.840000000000003,16.679999999999996,29.352,8.424,21.552,32.64,27.911999999999995,46.416,28.488000000000007,16.488,31.584,35.784,48.983999999999995,17.640000000000004,11.040000000000003,35.616,29.303999999999995,34.416,31.032000000000004,29.472,34.775999999999996,14.376000000000005,37.84799999999999,35.90399999999999,38.76,22.295999999999996,25.848,27.864000000000004,47.13599999999999,23.975999999999996,4.128000000000001,25.2,24.720000000000006,53.855999999999995,17.424,44.832,36.623999999999995,31.799999999999997,23.519999999999996,37.992,55.152,35.976000000000006,27.456000000000003,12.336,39.0,19.728,16.271999999999995,20.76,33.84
3.455999999999994,24.023999999999997,67.344,30.983999999999998,12.504000000000001,30.432,0.0,16.032000000000004,30.455999999999992,55.056,51.768,36.672000000000004,33.528,36.455999999999996,13.487999999999998,27.12,54.576,22.607999999999993,29.303999999999995,51.864,70.67999999999999,70.67999999999999,41.832,27.479999999999997,35.856,31.103999999999996,16.175999999999995,69.744,15.503999999999998,41.232,9.384,22.439999999999994,21.983999999999998,15.647999999999998,6.840000000000003,21.599999999999998,34.416,7.560000000000005,43.824000000000005,52.104,50.544000000000004,5.087999999999998,41.736,48.384,18.648,15.527999999999995,29.256,21.38399999999999,71.03999999999999,68.76,38.208,49.751999999999995,71.52,42.815999999999995,40.775999999999996,59.784,30.744,51.983999999999995,52.464,6.168,44.20799999999999,55.464,32.952,62.016,66.216,18.552,44.616,38.016,62.59199999999999,35.687999999999995,64.848,58.008,6.143999999999997,65.208,41.352,31.848000000000003,21.695999999999998,11.784000000000002,32.184,52.82399999999999,54.84,26.879999999999995,46.632,34.56,52.176,51.696,23.423999999999996,47.855999999999995,14.399999999999999,25.2,58.775999999999996,42.0,50.472,24.72,62.952,57.88799999999999,39.312,8.568,50.16,30.816,44.04,3.455999999999994
19.44000000000001,23.351999999999993,76.032,37.07999999999999,28.536000000000005,35.663999999999994,16.032000000000004,0.0,39.143999999999984,63.744,60.45599999999999,52.70400000000001,17.49599999999999,45.144,17.519999999999992,11.087999999999996,45.456,31.295999999999992,13.271999999999993,60.55199999999999,54.647999999999996,79.368,49.12799999999999,36.16799999999999,49.775999999999996,39.791999999999994,32.208,53.711999999999996,24.143999999999995,25.199999999999996,14.231999999999994,11.063999999999991,21.551999999999996,31.68,22.872000000000007,27.551999999999996,48.624,9.671999999999999,52.51199999999999,57.81599999999999,49.248,15.264000000000006,25.703999999999994,57.072,34.007999999999996,6.839999999999993,45.288000000000004,31.032000000000004,79.728,77.44800000000001,26.207999999999995,52.536,80.20799999999998,51.504,49.464,43.75199999999999,39.431999999999995,35.952,61.15199999999999,9.864000000000003,52.89599999999999,64.152,19.175999999999995,45.98399999999999,50.18399999999999,34.584,53.304,46.704,71.28,44.376,48.81599999999999,66.696,9.888000000000007,49.175999999999995,50.04,15.815999999999999,5.663999999999996,9.624000000000006,16.151999999999997,61.511999999999986,63.52799999999999,35.568,30.599999999999994,34.175999999999995,60.864,60.384,39.455999999999996,46.75199999999999,30.432000000000002,33.888,67.464,50.68799999999999,59.16,40.75200000000001,71.64,41.855999999999995,48.0,24.6,52.511999999999986,19.391999999999996,52.727999999999994,19.44000000000001
27.0,23.951999999999995,36.888,30.911999999999995,29.759999999999994,30.359999999999996,30.455999999999992,39.143999999999984,0.0,24.60000000000001,21.312000000000005,36.74400000000001,39.263999999999996,6.0000000000000036,21.624,46.343999999999994,54.504,8.856000000000003,38.736,21.407999999999998,70.60799999999999,40.22400000000001,41.76,4.607999999999995,33.815999999999995,0.6480000000000032,18.407999999999994,69.672,15.431999999999995,41.16,24.911999999999995,28.08,21.911999999999995,16.199999999999992,31.727999999999994,21.527999999999995,32.66400000000001,29.471999999999994,34.583999999999996,52.032,50.472,25.367999999999995,41.663999999999994,35.111999999999995,18.048,32.304,29.328000000000003,15.072000000000003,40.583999999999996,38.304,38.135999999999996,49.67999999999999,41.064,26.423999999999992,13.679999999999998,59.711999999999996,21.935999999999996,51.91199999999999,22.008000000000003,31.391999999999996,16.056,25.008000000000006,32.879999999999995,61.944,66.14399999999999,19.775999999999996,27.071999999999992,25.65599999999999,32.136,5.232000000000004,64.776,27.552000000000003,32.952,65.136,28.991999999999994,41.327999999999996,39.38399999999999,42.239999999999995,32.111999999999995,39.023999999999994,24.384000000000007,16.775999999999996,46.559999999999995,34.488,48.696,21.240000000000006,23.496,47.78399999999999,17.591999999999995,6.2639999999999985,28.32,11.544,20.016000000000002,24.792,39.74399999999999,57.81599999999999,30.743999999999996,33.168,50.087999999999994,30.744,13.584000000000003,27.0
51.60000000000001,40.39200000000001,12.287999999999993,26.664000000000005,54.36,28.080000000000005,55.056,63.744,24.60000000000001,0.0,7.847999999999999,48.047999999999995,63.864000000000004,18.600000000000005,46.22400000000001,70.944,43.199999999999996,32.44800000000001,63.336,7.799999999999995,59.304,17.928,30.456000000000003,27.576000000000004,45.11999999999999,23.952000000000005,43.008,58.367999999999995,39.6,59.808,49.512,52.68000000000001,42.192,40.8,56.328,36.192,43.967999999999996,54.072,23.28,40.728,39.168,49.967999999999996,57.00000000000001,23.808000000000003,36.408,56.90400000000001,40.632,33.67200000000001,15.983999999999991,13.703999999999997,37.536,38.376000000000005,16.463999999999995,15.120000000000001,14.280000000000006,48.408,24.312,48.096,13.584,55.992000000000004,27.359999999999996,10.008,44.568,50.64,54.84,44.376000000000005,15.768,17.040000000000003,9.59999999999999,19.368000000000006,53.472,6.6960000000000015,57.55200000000001,53.831999999999994,17.688000000000002,65.928,63.983999999999995,66.84,50.376000000000005,27.72,3.2880000000000003,28.176000000000002,52.056,29.568000000000005,37.392,4.944000000000001,44.928000000000004,36.480000000000004,42.192,29.856,5.4480000000000075,13.056000000000006,18.935999999999996,40.895999999999994,28.44,46.51199999999999,19.44,57.76800000000001,38.784000000000006,44.35200000000001,11.016000000000004,51.60000000000001
48.312000000000005,37.104000000000006,19.896000000000004,27.456000000000003,51.072,26.904,51.768,60.45599999999999,21.312000000000005,7.847999999999999,0.0,40.199999999999996,60.576,15.312000000000001,42.936,67.656,51.048,29.160000000000004,60.048,0.09599999999999369,67.152,25.776,38.304,24.288,37.27199999999999,20.664,39.72,66.216,36.312,56.52000000000001,46.224000000000004,49.392,38.904,37.51199999999999,53.04,32.904,36.12,50.784,31.128,48.576,47.016,46.68000000000001,53.712,31.656000000000002,33.12,53.61600000000001,32.784,30.384000000000007,19.271999999999995,17.951999999999995,34.68,46.224000000000004,19.751999999999995,22.968,10.992000000000004,56.256,21.023999999999997,48.45599999999999,5.7360000000000015,52.704,19.511999999999997,17.855999999999998,41.28000000000001,58.48800000000001,62.68800000000001,41.088,23.616,22.2,10.823999999999995,16.080000000000002,61.32,14.544,54.264,61.68000000000001,25.536,62.64,60.696,63.552,47.088,35.568,11.136,24.888,48.768,31.032000000000004,45.24,12.792,41.64,44.328,38.904,26.567999999999998,13.296000000000006,9.768000000000004,11.087999999999997,37.608,36.288000000000004,54.35999999999999,27.288,54.480000000000004,46.632,41.064,7.7280000000000015,48.312000000000005
33.263999999999996,60.696,60.096000000000004,67.656,26.855999999999995,67.104,36.672000000000004,52.70400000000001,36.74400000000001,48.047999999999995,40.199999999999996,0.0,70.2,40.48799999999999,50.16,63.792,91.24799999999999,27.888,65.976,40.248000000000005,107.352,65.976,78.504,32.13600000000001,8.304000000000011,36.912,20.496000000000006,106.416,52.176,77.904,46.056000000000004,59.111999999999995,58.656,21.024000000000004,29.831999999999997,58.272,6.864000000000007,44.232000000000006,71.32799999999999,88.776,87.21600000000001,37.44,78.408,71.856,18.696000000000005,52.199999999999996,7.4159999999999995,21.672,43.488,58.152,74.88,86.424,43.96800000000001,63.168,50.424,96.45599999999999,58.68000000000001,88.65599999999999,34.464,42.84,20.688000000000002,58.056,69.624,98.688,102.888,18.12,63.815999999999995,62.4,38.44800000000001,37.800000000000004,101.51999999999998,54.74399999999999,42.815999999999995,101.88,65.736,68.52000000000001,58.367999999999995,43.08,68.856,75.768,51.336,19.968000000000007,83.304,71.232,85.44,52.99199999999999,17.423999999999996,84.52799999999999,22.272000000000002,30.480000000000004,53.496,43.58400000000001,29.112000000000002,13.391999999999987,76.488,94.55999999999999,67.488,30.263999999999996,86.832,67.48800000000001,46.344,33.263999999999996
36.936,23.471999999999998,76.152,37.199999999999996,46.032,35.784,33.528,17.49599999999999,39.263999999999996,63.864000000000004,60.576,70.2,0.0,45.263999999999996,20.04,7.079999999999996,45.576,42.312,4.223999999999999,60.672,37.152,79.48800000000001,49.248000000000005,38.063999999999986,67.27199999999999,39.912000000000006,49.70399999999999,41.688,24.264000000000003,7.7040000000000015,24.143999999999995,11.183999999999997,21.672,49.175999999999995,40.368,27.672,66.12,25.96799999999999,52.632,57.936,49.367999999999995,32.76,8.208000000000002,57.192,51.50399999999999,18.0,62.784,48.52799999999999,79.84799999999998,77.568,26.328,52.656,80.32799999999999,51.624,49.583999999999996,37.392,39.55200000000001,18.456000000000003,61.272,27.359999999999996,53.016,64.272,19.295999999999996,43.944,40.608000000000004,52.08,53.424,46.824000000000005,71.39999999999999,44.495999999999995,41.016,66.816,27.384,37.296,50.160000000000004,2.0639999999999943,11.831999999999997,27.12,13.488000000000001,61.632,63.648,50.231999999999985,13.104000000000001,34.296,60.983999999999995,60.504,56.95199999999999,46.872,47.928,39.71999999999999,67.584,50.808,59.28,58.248,71.76,24.36,48.12,42.096,52.632,19.512000000000004,52.848000000000006,36.936
33.0,21.792000000000005,30.887999999999998,27.168000000000003,35.76,26.616000000000003,36.455999999999996,45.144,6.0000000000000036,18.600000000000005,15.312000000000001,40.48799999999999,45.263999999999996,0.0,27.624000000000002,52.344,50.760000000000005,13.848000000000003,44.736,15.407999999999994,66.86399999999999,34.224000000000004,38.016000000000005,8.976,37.55999999999999,5.352000000000001,24.407999999999998,65.928,21.0,41.208000000000006,30.912,34.08,23.592,22.199999999999996,37.728,17.784000000000002,36.408,35.471999999999994,30.840000000000003,48.28800000000001,46.727999999999994,31.368,38.4,31.368,21.79199999999999,38.304,33.071999999999996,18.815999999999995,34.583999999999996,32.304,34.392,45.936,35.064,22.680000000000003,9.936000000000005,55.967999999999996,18.192000000000004,48.168,16.008,37.391999999999996,19.799999999999994,19.008000000000003,29.136,58.2,62.4,25.776,23.328,21.912000000000003,26.135999999999996,2.687999999999994,61.032,21.552,38.952000000000005,61.392,25.248,47.327999999999996,45.38399999999999,48.24,31.776,35.28000000000001,18.384,20.51999999999999,42.81600000000001,30.744000000000003,44.952000000000005,15.240000000000002,27.239999999999988,44.04,23.592,11.255999999999998,22.319999999999997,5.543999999999997,14.015999999999998,28.535999999999994,36.0,54.072,27.000000000000004,39.168,46.344,27.000000000000007,7.584,33.0
16.896,10.536000000000001,58.512,19.56,25.991999999999997,18.144000000000002,13.487999999999998,17.519999999999992,21.624,46.22400000000001,42.936,50.16,20.04,27.624000000000002,0.0,24.71999999999999,41.088,22.272,17.112,43.032,57.19199999999999,61.848000000000006,31.608000000000004,18.648000000000003,47.232,22.272000000000002,29.663999999999994,56.25599999999999,6.624000000000003,27.744,4.103999999999997,8.951999999999998,8.496000000000002,29.135999999999996,20.328,10.032000000000004,46.080000000000005,7.8479999999999945,34.992000000000004,40.296,37.056000000000004,12.72,28.247999999999998,39.55200000000001,31.46399999999999,10.68,42.74400000000001,28.487999999999996,62.208,59.928000000000004,24.72,36.264,62.688,33.984,31.944,46.296,21.912000000000006,38.495999999999995,43.632,9.767999999999995,35.376,46.632000000000005,19.464,48.528000000000006,52.727999999999994,32.04,35.784000000000006,29.184000000000005,53.75999999999999,26.856,51.35999999999999,49.176,11.328000000000001,51.72,32.52,19.703999999999994,17.759999999999994,20.616,18.696,43.992,46.008,30.19199999999999,33.144,21.072000000000003,43.344,42.864000000000004,36.91199999999999,34.368,27.887999999999998,19.679999999999993,49.944,33.168,41.64,38.208,54.120000000000005,44.4,30.48,22.055999999999997,36.672000000000004,17.328000000000003,35.208000000000006,16.896
30.528000000000006,30.551999999999992,83.232,44.279999999999994,39.624,42.864,27.12,11.087999999999996,46.343999999999994,70.944,67.656,63.792,7.079999999999996,52.344,24.71999999999999,0.0,52.65599999999999,38.495999999999995,7.607999999999997,67.752,43.559999999999995,86.568,56.327999999999996,43.368,60.864,46.992,43.296,48.768,31.344,14.111999999999998,21.432,18.263999999999992,28.752,42.768,33.96,34.752,59.712,19.559999999999995,59.712,65.01599999999999,56.44799999999999,26.352000000000004,14.616,64.272,45.096,14.039999999999994,56.376000000000005,42.12,86.928,84.64800000000001,33.407999999999994,59.736,87.408,58.704,56.663999999999994,44.472,46.632,24.863999999999997,68.352,20.952,60.096,71.352,26.375999999999994,51.023999999999994,47.687999999999995,45.672000000000004,60.504,53.903999999999996,78.48,51.576,48.096,73.896,20.976000000000003,44.376,57.24,5.016000000000002,6.960000000000001,20.712,20.568,68.71199999999999,70.72800000000001,43.82399999999999,19.512,41.376,68.064,67.584,50.544,53.95199999999999,41.52,41.088,74.664,57.88799999999999,66.36,51.84,78.84,30.767999999999994,55.199999999999996,35.688,59.711999999999996,26.592,59.928,30.528000000000006
57.98400000000001,30.552,31.151999999999994,23.591999999999995,67.08,24.143999999999995,54.576,45.456,54.504,43.199999999999996,51.048,91.24799999999999,45.576,50.760000000000005,41.088,52.65599999999999,0.0,63.35999999999999,45.047999999999995,51.0,16.104000000000003,33.912000000000006,12.743999999999996,59.11199999999999,88.32,54.336,70.752,15.168,39.072,41.52,45.19199999999999,34.392,32.59199999999999,70.224,61.416,32.97599999999999,87.16799999999999,47.016,19.92,12.359999999999996,4.031999999999999,53.808,38.712,19.392,72.55199999999999,39.047999999999995,83.832,69.57600000000001,49.48799999999999,33.096000000000004,19.247999999999998,7.079999999999999,50.44799999999999,28.08,40.82399999999999,8.184,32.568,29.808,56.784000000000006,48.407999999999994,70.55999999999999,33.192,26.28,7.440000000000001,11.64,73.128,27.432,28.848,52.8,53.44799999999999,10.272,36.504,48.432,10.632000000000001,25.511999999999997,47.63999999999999,45.696,48.55199999999999,32.088,16.055999999999997,39.912000000000006,71.27999999999999,33.768,20.016,15.407999999999998,38.256,78.0,6.719999999999997,68.976,60.768,37.751999999999995,47.663999999999994,62.135999999999996,79.29599999999999,26.184000000000005,23.136,23.759999999999994,63.144000000000005,7.055999999999999,26.063999999999997,44.904,57.98400000000001
19.152,32.808,44.736,39.768,21.911999999999995,39.216,22.607999999999993,31.295999999999992,8.856000000000003,32.44800000000001,29.160000000000004,27.888,42.312,13.848000000000003,22.272,38.495999999999995,63.35999999999999,0.0,38.087999999999994,29.255999999999997,79.464,48.072,50.61600000000001,4.8720000000000026,24.959999999999994,9.024,10.559999999999997,78.52799999999999,24.287999999999997,50.016000000000005,18.168,31.223999999999993,30.768,8.351999999999991,23.88,30.384,23.808000000000003,21.623999999999995,43.440000000000005,60.888,59.327999999999996,17.519999999999996,50.51999999999999,43.967999999999996,9.191999999999995,24.456000000000003,20.472,6.215999999999999,48.431999999999995,46.15200000000001,46.992,58.536,48.912000000000006,35.279999999999994,22.536,68.568,30.791999999999998,60.768,29.856,23.543999999999997,21.599999999999998,32.85600000000001,41.736,70.8,75.0,11.927999999999997,35.928,34.51199999999999,39.984,13.080000000000002,73.63199999999999,35.400000000000006,25.104,73.99199999999999,37.848,40.632,31.53599999999999,34.391999999999996,40.967999999999996,47.879999999999995,32.232000000000006,7.919999999999993,55.416,43.344,57.55200000000001,29.088000000000005,14.639999999999993,56.64,9.743999999999996,2.5920000000000045,36.168,19.392,27.864,15.936,48.599999999999994,66.672,39.6,25.32,58.943999999999996,39.6,21.432000000000002,19.152
32.712,22.943999999999996,75.624,36.672,41.808,35.256,29.303999999999995,13.271999999999993,38.736,63.336,60.048,65.976,4.223999999999999,44.736,17.112,7.607999999999997,45.047999999999995,38.087999999999994,0.0,60.144000000000005,41.376000000000005,78.96000000000001,48.72,35.76,63.04799999999999,39.384,45.47999999999999,41.16,23.736,11.928,19.919999999999998,10.655999999999997,21.144000000000002,44.95199999999999,36.144,27.144,61.895999999999994,21.743999999999993,52.104,57.408,48.84,28.536,12.432,56.663999999999994,47.27999999999999,13.776000000000002,58.559999999999995,44.304,79.32,77.04,25.799999999999997,52.12799999999999,79.8,51.096,49.05599999999999,36.864000000000004,39.024,22.680000000000003,60.74399999999999,23.135999999999996,52.48799999999999,63.744,18.767999999999997,43.416,40.08,47.855999999999995,52.895999999999994,46.296,70.872,43.967999999999996,40.488,66.288,23.16,36.768,49.632,2.5919999999999956,7.607999999999997,22.895999999999997,12.96,61.104,63.120000000000005,46.00799999999999,17.328,33.768,60.456,59.976,52.727999999999994,46.343999999999994,43.704,35.495999999999995,67.056,50.279999999999994,58.75200000000001,54.023999999999994,71.232,28.584,47.59199999999999,37.872,52.104,18.984,52.32,32.712
48.408,37.199999999999996,19.848000000000003,27.407999999999998,51.168,26.855999999999998,51.864,60.55199999999999,21.407999999999998,7.799999999999995,0.09599999999999369,40.248000000000005,60.672,15.407999999999994,43.032,67.752,51.0,29.255999999999997,60.144000000000005,0.0,67.104,25.727999999999994,38.256,24.383999999999993,37.31999999999999,20.759999999999994,39.81599999999999,66.16799999999999,36.407999999999994,56.616,46.31999999999999,49.48799999999999,39.0,37.60799999999999,53.135999999999996,32.99999999999999,36.168000000000006,50.87999999999999,31.08,48.52799999999999,46.967999999999996,46.775999999999996,53.808,31.607999999999993,33.215999999999994,53.712,32.832,30.48,19.176,17.903999999999993,34.632,46.176,19.656000000000002,22.919999999999998,11.087999999999997,56.208,21.119999999999994,48.407999999999994,5.784000000000004,52.8,19.56,17.807999999999996,41.376,58.44,62.64,41.18399999999999,23.567999999999994,22.151999999999997,10.728000000000002,16.175999999999995,61.272,14.495999999999997,54.35999999999999,61.632,25.487999999999996,62.736,60.791999999999994,63.64799999999999,47.18399999999999,35.52,11.087999999999996,24.983999999999995,48.864,30.983999999999998,45.19199999999999,12.743999999999996,41.736,44.279999999999994,39.0,26.663999999999994,13.248000000000003,9.863999999999999,11.136000000000001,37.703999999999986,36.239999999999995,54.312,27.24,54.576,46.583999999999996,41.16,7.8239999999999945,48.408
74.088,46.65599999999999,47.25599999999999,39.696,83.18399999999998,40.248,70.67999999999999,54.647999999999996,70.60799999999999,59.304,67.152,107.352,37.152,66.86399999999999,57.19199999999999,43.559999999999995,16.104000000000003,79.464,41.376000000000005,67.104,0.0,49.29599999999999,28.848,75.216,104.42399999999999,70.44,86.856,11.496,55.176,29.447999999999997,61.29599999999999,48.24,48.696,86.32799999999999,77.52,49.08,103.27199999999999,63.11999999999999,36.024,27.743999999999996,20.136,69.912,28.944,35.495999999999995,88.65599999999999,55.15200000000001,99.93599999999999,85.68,65.592,49.199999999999996,32.472,22.464,66.55199999999999,44.184,56.928,10.896000000000003,48.672,18.695999999999998,72.888,64.512,86.664,49.29599999999999,37.728,13.751999999999999,10.415999999999999,89.232,43.536,44.952,68.904,69.55199999999999,10.824,52.608000000000004,64.536,7.103999999999999,41.616,38.832,48.983999999999995,64.272,38.495999999999995,31.584,56.016,87.38399999999999,24.048,36.12,30.791999999999994,54.35999999999999,94.10399999999998,22.823999999999995,85.08,76.872,53.855999999999995,63.768,78.24,95.39999999999999,41.568,12.792,39.864,79.24799999999999,22.439999999999998,39.864,61.008,74.088
67.224,56.016000000000005,5.879999999999994,42.28800000000001,69.984,43.704,70.67999999999999,79.368,40.22400000000001,17.928,25.776,65.976,79.48800000000001,34.224000000000004,61.848000000000006,86.568,33.912000000000006,48.072,78.96000000000001,25.727999999999994,49.29599999999999,0.0,30.240000000000002,43.199999999999996,63.04799999999999,39.576,58.632,40.440000000000005,55.224000000000004,75.432,65.136,68.304,57.816,56.42399999999999,71.952,51.816,61.895999999999994,69.696,26.856,22.800000000000004,30.12,65.592,72.62400000000001,22.296000000000003,52.032,72.528,58.559999999999995,49.29600000000001,24.215999999999994,7.824000000000002,53.160000000000004,26.832,25.175999999999995,27.864,29.904000000000003,42.096,39.936,63.72,31.512,71.616,45.28799999999999,15.216,60.192,35.544000000000004,38.88,60.0,26.064,32.664,27.52799999999999,34.992000000000004,38.472,12.672000000000002,73.176,42.192,29.328,81.552,79.608,82.464,66.0,17.856,15.839999999999998,46.00799999999999,67.68,45.192,19.464000000000002,18.983999999999998,60.552,32.616,57.815999999999995,45.48,12.479999999999993,28.680000000000007,36.864,56.51999999999999,10.512000000000002,57.047999999999995,31.368000000000002,73.392,26.856,59.976,26.64,67.224
45.24,25.776000000000003,26.903999999999996,12.048,54.336,13.464,41.832,49.12799999999999,41.76,30.456000000000003,38.304,78.504,49.248000000000005,38.016000000000005,31.608000000000004,56.327999999999996,12.743999999999996,50.61600000000001,48.72,38.256,28.848,30.240000000000002,0.0,46.368,75.57600000000001,41.59199999999999,58.008,27.911999999999995,26.328000000000003,45.19199999999999,34.896,38.06400000000001,27.575999999999993,57.480000000000004,48.672,21.576,74.424,39.455999999999996,7.176000000000002,10.271999999999998,8.711999999999998,41.06400000000001,42.384,7.944000000000001,59.808,42.288000000000004,71.08800000000001,56.831999999999994,36.74399999999999,28.320000000000004,22.92,7.919999999999998,37.704,15.336000000000002,28.08,17.951999999999995,19.824,33.48,44.04,41.376000000000005,57.816,20.448000000000008,29.951999999999998,20.184,24.383999999999993,60.38400000000001,14.688000000000004,16.104000000000003,40.05599999999999,40.704,23.016,23.760000000000005,42.936,23.375999999999994,12.768000000000002,51.312,49.367999999999995,52.224000000000004,35.76,12.384,27.168000000000003,58.536,37.43999999999999,14.951999999999998,11.735999999999999,25.512000000000004,65.25599999999999,6.023999999999999,56.232,48.023999999999994,25.007999999999996,34.92,49.391999999999996,66.552,22.512,26.808,11.016000000000002,50.4,8.327999999999998,29.73599999999999,32.160000000000004,45.24
24.024,28.55999999999999,39.864,35.51999999999999,26.784,34.96799999999999,27.479999999999997,36.16799999999999,4.607999999999995,27.576000000000004,24.288,32.13600000000001,38.063999999999986,8.976,18.648000000000003,43.368,59.11199999999999,4.8720000000000026,35.76,24.383999999999993,75.216,43.199999999999996,46.368,0.0,29.208000000000002,4.775999999999992,15.431999999999999,74.27999999999999,20.03999999999999,45.768,21.936,26.975999999999985,26.519999999999992,13.223999999999995,28.752,26.135999999999992,28.05600000000001,26.495999999999995,39.19199999999999,56.63999999999999,55.079999999999984,22.392,46.271999999999984,39.71999999999999,13.440000000000003,29.328000000000003,24.72000000000001,10.464000000000008,43.559999999999995,41.28000000000001,42.743999999999986,54.28799999999999,44.04,31.03199999999999,18.287999999999993,64.32,26.54399999999999,56.51999999999999,24.983999999999998,28.415999999999997,16.727999999999998,27.984,37.487999999999985,66.55199999999999,70.752,16.8,31.67999999999999,30.26399999999999,35.111999999999995,8.208,69.38399999999999,30.528,29.976000000000003,69.74399999999999,33.59999999999999,38.352,36.407999999999994,39.263999999999996,36.71999999999999,43.63199999999999,27.360000000000003,12.168,51.16799999999999,39.096,53.304,24.216,18.888,52.391999999999996,14.616,2.279999999999998,31.295999999999996,14.519999999999996,22.992,20.184000000000008,44.35199999999999,62.42399999999999,35.35199999999999,30.192000000000004,54.696,35.352,16.56,24.024
32.400000000000006,57.768,57.168,64.728,35.160000000000004,64.17599999999999,35.856,49.775999999999996,33.815999999999995,45.11999999999999,37.27199999999999,8.304000000000011,67.27199999999999,37.55999999999999,47.232,60.864,88.32,24.959999999999994,63.04799999999999,37.31999999999999,104.42399999999999,63.04799999999999,75.57600000000001,29.208000000000002,0.0,33.983999999999995,23.808000000000003,103.48799999999999,49.24799999999999,74.976,43.12799999999999,56.18399999999999,55.727999999999994,21.599999999999998,37.12800000000001,55.343999999999994,1.4400000000000033,41.304,68.39999999999999,85.84799999999998,84.288,34.51199999999999,75.47999999999999,68.928,17.208000000000002,49.27199999999999,8.376000000000005,18.743999999999996,38.832,55.22399999999999,71.952,83.496,37.872,60.239999999999995,47.495999999999995,93.52799999999999,55.75199999999999,85.728,31.53599999999999,39.912,17.759999999999994,55.12799999999999,66.696,95.75999999999999,99.96,25.176000000000002,60.88799999999999,59.471999999999994,35.52,34.872,98.59199999999998,51.81599999999999,39.88799999999999,98.95199999999998,62.80799999999999,65.592,55.43999999999999,47.64,65.928,72.83999999999999,48.407999999999994,17.040000000000003,80.37599999999999,68.304,82.512,50.06399999999999,25.728000000000005,81.6,22.992000000000004,27.552,50.568,40.65599999999999,26.183999999999994,21.695999999999998,73.55999999999999,91.63199999999998,64.55999999999999,38.568000000000005,83.90399999999998,64.55999999999999,43.41599999999999,32.400000000000006
27.648000000000003,23.784,36.239999999999995,30.744,30.407999999999998,30.192,31.103999999999996,39.791999999999994,0.6480000000000032,23.952000000000005,20.664,36.912,39.912000000000006,5.352000000000001,22.272000000000002,46.992,54.336,9.024,39.384,20.759999999999994,70.44,39.576,41.59199999999999,4.775999999999992,33.983999999999995,0.0,19.055999999999997,69.504,15.647999999999998,40.992000000000004,25.56,28.728,21.744,16.847999999999995,32.376,21.36,32.832,30.119999999999997,34.416,51.864,50.304,26.016,41.495999999999995,34.943999999999996,18.215999999999994,32.952000000000005,29.496000000000002,15.239999999999998,39.936,37.656,37.967999999999996,49.512,40.416,26.255999999999997,13.512,59.544000000000004,21.768,51.744,21.36,32.04,16.224,24.360000000000003,32.711999999999996,61.776,65.976,20.424,26.903999999999996,25.487999999999996,31.487999999999996,4.5840000000000005,64.608,26.904,33.6,64.968,28.823999999999998,41.97599999999999,40.032,42.88799999999999,31.944,38.856,23.736,16.943999999999992,46.391999999999996,34.32,48.52799999999999,20.592000000000002,23.663999999999994,47.61600000000001,18.24,6.431999999999995,27.671999999999997,10.895999999999997,19.368,24.96,39.576,57.648,30.576,33.816,49.92,30.576000000000004,12.936,27.648000000000003
12.767999999999992,40.199999999999996,55.29599999999999,47.16,11.352,46.608,16.175999999999995,32.208,18.407999999999994,43.008,39.72,20.496000000000006,49.70399999999999,24.407999999999998,29.663999999999994,43.296,70.752,10.559999999999997,45.47999999999999,39.81599999999999,86.856,58.632,58.008,15.431999999999999,23.808000000000003,19.055999999999997,0.0,85.91999999999999,31.679999999999993,57.407999999999994,25.559999999999995,38.61599999999999,38.16,2.208000000000004,13.32,37.775999999999996,22.368,23.736,50.831999999999994,68.28,66.71999999999998,16.943999999999992,57.911999999999985,51.35999999999999,6.6,31.703999999999994,15.431999999999999,9.335999999999993,58.99199999999999,56.712,54.383999999999986,65.928,59.471999999999994,42.67199999999999,29.927999999999997,75.96,38.184,68.16,40.416,22.343999999999998,32.16,43.416,49.12799999999999,78.192,82.392,2.3760000000000048,43.31999999999999,41.90399999999999,50.544,23.639999999999997,81.02399999999999,45.96,22.319999999999993,81.38399999999999,45.239999999999995,48.023999999999994,37.87199999999999,23.831999999999997,48.35999999999999,55.27199999999999,42.792,14.831999999999999,62.80799999999999,50.736,64.944,39.648,7.247999999999998,64.032,1.7759999999999962,13.152000000000001,46.727999999999994,29.951999999999995,38.42399999999999,8.544000000000006,55.99199999999999,74.064,46.992,14.760000000000005,66.33599999999998,46.992,31.991999999999997,12.767999999999992
73.152,45.71999999999999,46.31999999999999,38.76,82.24799999999999,39.312,69.744,53.711999999999996,69.672,58.367999999999995,66.216,106.416,41.688,65.928,56.25599999999999,48.768,15.168,78.52799999999999,41.16,66.16799999999999,11.496,40.440000000000005,27.911999999999995,74.27999999999999,103.48799999999999,69.504,85.91999999999999,0.0,54.24,37.632,60.35999999999999,47.304,47.76,85.392,76.584,48.14399999999999,102.336,62.18399999999999,35.088,17.639999999999997,19.2,68.976,34.824,34.56,87.71999999999998,54.21600000000001,99.0,84.744,64.65599999999999,48.263999999999996,31.535999999999994,19.991999999999994,65.616,43.248,55.99199999999999,9.96,47.736,25.92,71.952,63.57599999999999,85.728,48.36,36.792,7.727999999999999,3.527999999999999,88.29599999999999,42.6,44.016,67.96799999999999,68.61599999999999,4.896,51.672,63.599999999999994,4.535999999999999,40.68,43.75199999999999,48.047999999999995,63.336,37.559999999999995,30.647999999999996,55.080000000000005,86.448,29.879999999999995,35.184,20.975999999999996,53.424,93.16799999999998,21.887999999999998,84.144,75.93599999999999,52.91999999999999,62.831999999999994,77.304,94.464,30.071999999999996,19.247999999999998,38.928,78.31199999999998,19.584,38.928,60.072,73.152
18.912000000000003,8.520000000000001,51.88799999999999,15.480000000000002,28.008,14.928,15.503999999999998,24.143999999999995,15.431999999999995,39.6,36.312,52.176,24.264000000000003,21.0,6.624000000000003,31.344,39.072,24.287999999999997,23.736,36.407999999999994,55.176,55.224000000000004,26.328000000000003,20.03999999999999,49.24799999999999,15.647999999999998,31.679999999999993,54.24,0.0,25.728,9.912,13.080000000000004,6.480000000000002,31.151999999999994,22.344,6.096000000000002,48.096,14.471999999999998,28.368,36.6,35.04,14.736,26.232,32.928,33.47999999999999,17.304000000000002,44.76,30.503999999999998,55.58399999999999,53.304,22.704,34.248000000000005,56.06399999999999,27.36,25.319999999999997,44.28000000000001,15.288000000000002,36.480000000000004,37.007999999999996,16.392,31.487999999999996,40.008,17.448,46.51200000000001,50.712,34.056,29.16,22.56,47.136,20.232,49.344,42.552,17.952000000000005,49.704,25.896,26.327999999999996,24.384,27.240000000000002,16.680000000000003,37.367999999999995,39.38400000000001,32.20799999999999,31.128,19.056,36.72,36.24,38.928,32.352,29.903999999999996,21.695999999999994,43.31999999999999,26.543999999999997,35.016,40.224,47.495999999999995,42.384,23.855999999999998,24.071999999999996,34.656,15.312000000000003,28.584,18.912000000000003
