0.0,71.184,12.911999999999992,65.64,73.824,35.544,63.312000000000005,70.536,58.872,47.976000000000006,11.303999999999997,76.368,36.528,23.136,36.168000000000006,37.008,39.024,54.336,66.432,13.992000000000008,59.016000000000005,40.224000000000004,24.216,31.056000000000004,60.215999999999994,79.65599999999999,21.407999999999998,55.05600000000001,69.86399999999999,43.75200000000001,77.352,35.28000000000001,49.632,25.608000000000004,45.24,22.488000000000003,28.056,37.248000000000005,66.408,31.464000000000006,32.376000000000005,22.632,62.952000000000005,13.247999999999994,17.616000000000007,26.951999999999995,25.560000000000002,59.808,46.967999999999996,64.224,14.159999999999997,21.599999999999998,21.120000000000005,41.663999999999994,35.232000000000006,81.11999999999999,70.536,14.928,36.672000000000004,91.48800000000001,55.008,27.168,14.400000000000004,17.208,27.12,35.568,60.0,69.912,10.704000000000006,87.312,35.952,35.424,54.864,72.02399999999999,34.464,20.904,11.015999999999995,34.51200000000001,42.504,51.431999999999995,19.008000000000006,29.279999999999994,42.24,49.704,48.096,17.376,28.295999999999996,3.744000000000001,24.528,50.903999999999996,52.512,27.455999999999996,11.832000000000008,8.015999999999995,68.76,39.21599999999999,48.336,17.927999999999994,21.168000000000003,34.8,2.016000000000008,0.0
71.184,0.0,84.09599999999999,51.864,11.424000000000001,67.368,7.872,20.328,19.176,23.208,64.34399999999998,24.288,53.75999999999999,48.047999999999995,35.016,34.176,38.352000000000004,50.352,29.711999999999996,57.19199999999999,46.343999999999994,55.632,46.967999999999996,52.94399999999999,23.592,18.168,52.51199999999999,23.952000000000005,40.248,38.04,15.384,35.903999999999996,60.959999999999994,45.57599999999999,69.86399999999999,48.696,43.12799999999999,52.175999999999995,48.21600000000001,63.0,38.808,48.552,53.208,84.432,53.56799999999999,88.728,53.44800000000001,43.535999999999994,64.91999999999999,17.712,63.07199999999999,49.583999999999996,90.38399999999999,37.776,76.55999999999999,22.224,1.4160000000000001,56.25599999999999,37.296,22.368,16.176,67.776,56.78399999999999,53.976,44.064,74.78399999999999,37.488,40.92,60.47999999999999,19.584,35.232,35.76,55.583999999999996,39.096,45.6,50.279999999999994,82.2,36.672,31.848,35.592,85.2,66.768,28.944,49.751999999999995,34.8,88.55999999999999,53.879999999999995,74.16,60.431999999999995,20.28,58.175999999999995,43.727999999999994,59.35199999999999,79.104,36.744,35.568,47.04,89.11199999999998,50.01599999999999,72.47999999999999,69.16799999999999,71.184
12.911999999999992,84.09599999999999,0.0,78.55199999999999,86.736,23.015999999999995,76.22399999999999,83.448,71.78399999999999,60.88799999999999,19.752,89.27999999999999,30.336,36.047999999999995,49.08,49.91999999999999,45.743999999999986,67.248,54.384,26.904,71.928,53.13599999999999,37.12799999999999,43.967999999999996,73.128,92.56799999999998,31.584,60.14399999999999,82.776,46.056000000000004,90.264,48.19199999999999,37.104,38.51999999999999,32.712,35.39999999999999,40.967999999999996,50.16,79.32,44.376,45.28799999999999,35.544,75.86399999999999,0.5279999999999972,30.528,14.423999999999994,30.647999999999993,47.279999999999994,34.44,77.136,26.687999999999995,34.51199999999999,8.592000000000004,46.31999999999999,48.14399999999999,94.032,83.448,27.839999999999993,49.58399999999999,104.39999999999999,67.91999999999999,40.08,27.311999999999998,30.11999999999999,40.032,48.48,72.912,57.384,23.616,100.22399999999999,48.864,48.336,67.776,59.495999999999995,38.495999999999995,33.815999999999995,6.695999999999998,47.42399999999999,52.248,48.504,6.480000000000007,17.327999999999996,55.15199999999999,37.175999999999995,49.29599999999999,4.464000000000007,41.20799999999999,9.935999999999993,23.663999999999998,63.81599999999999,65.42399999999999,40.36799999999999,24.744,4.9919999999999956,81.672,48.52799999999999,61.248,5.015999999999999,34.08,47.711999999999996,14.928,12.911999999999992
65.64,51.864,78.55199999999999,0.0,40.440000000000005,61.82399999999999,57.144000000000005,31.536,32.688,35.856,58.8,27.576,48.21599999999999,42.504,29.471999999999998,40.104,49.176,11.303999999999997,76.58399999999999,51.64799999999999,6.623999999999997,25.415999999999997,41.42399999999999,34.583999999999996,28.272000000000002,33.696000000000005,46.967999999999996,65.208,11.616000000000001,53.903999999999996,36.480000000000004,40.152,59.784,40.032,64.32,43.152,37.583999999999996,28.391999999999996,3.6479999999999997,34.175999999999995,34.656,43.008,2.6879999999999997,78.88799999999999,48.023999999999994,83.18399999999998,47.904,69.96,59.37599999999999,34.152,57.52799999999999,44.04,84.84,51.816,30.407999999999994,29.64,50.44800000000001,50.712,28.968,29.496000000000002,52.056,38.472,51.24,48.431999999999995,38.52,30.072000000000003,14.376,80.064,54.936,32.279999999999994,29.688000000000002,30.215999999999998,10.775999999999998,82.176,44.61600000000001,44.736,76.65599999999999,39.384,52.65599999999999,61.583999999999996,79.65599999999999,61.22399999999999,25.368,59.855999999999995,58.248000000000005,83.016,37.344,68.616,54.88799999999999,60.24,13.127999999999997,38.184000000000005,53.80799999999999,73.55999999999999,15.120000000000001,49.367999999999995,17.304,83.568,44.472,30.840000000000003,63.623999999999995,65.64
73.824,11.424000000000001,86.736,40.440000000000005,0.0,70.008,16.704,8.904,14.952000000000002,25.848,66.984,12.863999999999997,56.4,50.688,37.656,36.815999999999995,40.99200000000001,38.928,36.144,59.831999999999994,34.919999999999995,44.208000000000006,49.608000000000004,42.768,13.608,6.743999999999996,55.152,26.592000000000006,28.823999999999998,40.68000000000001,3.9599999999999986,38.544,63.599999999999994,48.215999999999994,72.504,51.336,45.768,40.75199999999999,36.792,51.576,41.448,51.19199999999999,41.784,87.072,56.20799999999999,91.368,56.08800000000001,46.175999999999995,67.55999999999999,9.600000000000001,65.71199999999999,52.224000000000004,93.02400000000002,40.416000000000004,65.136,10.799999999999997,10.008000000000001,58.896,37.152,17.664,18.816000000000003,56.352,59.424,56.61600000000001,46.704,63.36,26.063999999999997,43.56,63.12,13.488,37.872,38.4,44.16,41.736,48.24,52.92,84.84,39.312,34.488,38.232,87.84,69.408,31.584,52.392,37.440000000000005,91.2,45.528000000000006,76.8,63.072,22.920000000000005,46.752,46.36800000000001,61.99199999999999,81.744,25.32,38.208000000000006,35.616,91.75200000000001,52.656,61.056,71.80799999999999,73.824
35.544,67.368,23.015999999999995,61.82399999999999,70.008,0.0,59.495999999999995,66.71999999999998,55.05599999999999,44.16,24.24,72.55199999999999,13.607999999999999,40.152,32.352,33.19199999999999,29.01599999999999,50.51999999999999,37.656,37.24799999999999,55.199999999999996,49.464,25.151999999999994,46.77599999999999,56.4,75.83999999999999,14.855999999999998,43.41599999999999,66.048,29.327999999999996,73.536,31.464,14.088000000000001,39.312,9.696000000000007,39.791999999999994,24.239999999999995,46.00799999999999,62.59199999999999,56.831999999999994,28.559999999999995,18.815999999999995,59.13599999999999,23.543999999999993,37.608,21.36,13.919999999999993,24.263999999999996,11.424000000000003,60.407999999999994,49.70399999999999,34.248,23.016000000000002,29.591999999999995,70.392,77.304,66.71999999999998,38.23199999999999,32.855999999999995,87.672,51.19199999999999,61.608000000000004,45.864,26.255999999999997,23.30399999999999,68.61599999999999,56.18399999999999,34.368,37.55999999999999,83.496,32.13599999999999,31.607999999999993,51.047999999999995,36.480000000000004,21.767999999999997,33.839999999999996,29.711999999999993,30.695999999999998,35.519999999999996,31.775999999999996,17.832000000000004,6.264000000000003,38.42399999999999,17.615999999999996,32.568,22.103999999999996,47.712,31.799999999999994,11.015999999999995,47.087999999999994,52.00799999999998,32.903999999999996,41.18399999999999,27.528,64.94399999999999,31.799999999999997,44.51999999999999,21.744,40.008,66.312,35.63999999999999,35.544
63.312000000000005,7.872,76.22399999999999,57.144000000000005,16.704,59.495999999999995,0.0,25.608000000000004,24.456000000000003,21.288,56.471999999999994,29.567999999999998,45.88799999999999,51.599999999999994,28.247999999999998,26.303999999999995,30.48,55.632,21.839999999999993,49.31999999999999,51.623999999999995,60.912000000000006,39.096,58.22399999999999,28.872,23.447999999999997,44.63999999999999,16.080000000000002,45.528,30.168,20.663999999999998,28.031999999999993,53.087999999999994,50.75999999999999,61.99199999999999,51.24,35.256,57.45599999999999,53.495999999999995,68.28,30.935999999999996,40.68,58.488,76.55999999999999,49.05599999999999,80.856,45.576,35.663999999999994,57.04799999999999,22.992000000000004,61.15199999999999,45.696,82.51199999999999,29.904,81.84,27.504,7.224,49.67999999999999,42.576,28.176,8.304,73.056,57.312,46.104,36.192,80.064,42.768,33.047999999999995,52.60799999999999,24.863999999999997,27.455999999999996,28.944,60.864,31.223999999999993,37.727999999999994,45.28799999999999,74.32799999999999,28.799999999999994,23.975999999999996,27.72,77.32799999999999,58.895999999999994,31.776,41.879999999999995,26.927999999999997,80.688,59.160000000000004,66.288,52.559999999999995,12.408000000000001,63.45599999999999,44.352,52.632,71.232,42.024,27.695999999999998,52.32,81.23999999999998,51.456,77.75999999999999,61.29599999999999,63.312000000000005
70.536,20.328,83.448,31.536,8.904,66.71999999999998,25.608000000000004,0.0,11.664000000000003,22.56,63.696,5.831999999999998,53.111999999999995,47.400000000000006,34.368,33.528,37.704,30.023999999999994,45.04799999999999,56.544,26.016,35.304,46.32,39.48,10.320000000000002,9.119999999999997,51.864,33.672000000000004,19.92,37.391999999999996,6.815999999999999,35.256,60.312,44.928000000000004,69.216,48.048,42.48,33.288000000000004,27.888,42.672000000000004,38.160000000000004,47.904,32.879999999999995,83.78399999999999,52.92,88.08,52.8,42.88799999999999,64.27199999999999,6.312000000000001,62.424,48.93600000000001,89.736,37.128,56.232,10.584,18.912000000000003,55.608000000000004,33.864,20.952,20.52,47.44800000000001,56.135999999999996,53.328,43.416000000000004,54.456,17.16,48.52799999999999,59.831999999999994,16.776,34.584,35.112,35.256,50.63999999999999,44.952,49.632000000000005,81.552,36.024,31.2,34.943999999999996,84.552,66.12,28.296,49.104,34.152,87.912,42.24,73.512,59.784,28.704,37.848,43.080000000000005,58.704,78.45599999999999,16.416,34.919999999999995,26.712,88.464,49.367999999999995,52.152,68.52,70.536
58.872,19.176,71.78399999999999,32.688,14.952000000000002,55.05599999999999,24.456000000000003,11.664000000000003,0.0,10.895999999999997,52.032,17.496000000000002,41.447999999999986,35.736,22.703999999999997,21.863999999999997,26.040000000000003,31.176,43.895999999999994,44.87999999999999,27.168,36.456,34.656,33.767999999999994,4.4159999999999995,20.784,40.199999999999996,32.52,21.072000000000003,25.727999999999994,18.48,23.591999999999995,48.647999999999996,33.263999999999996,57.55199999999999,36.384,30.816,33.0,29.040000000000003,43.824000000000005,26.495999999999995,36.239999999999995,34.032,72.11999999999999,41.25599999999999,76.41599999999998,41.136,37.27199999999999,52.60799999999998,5.352000000000001,50.75999999999999,37.272,78.072,25.464,57.384,22.247999999999998,17.759999999999998,43.944,22.2,32.616,19.368,48.599999999999994,44.472,41.663999999999994,31.752,55.608000000000004,18.312,47.376000000000005,48.168,28.44,22.92,23.447999999999997,36.408,49.48799999999999,33.288,37.967999999999996,69.88799999999999,24.359999999999996,19.967999999999996,28.895999999999997,72.88799999999999,54.45599999999999,16.631999999999998,37.44,25.56,76.248,34.704,61.848000000000006,48.11999999999999,27.552,39.0,31.416000000000004,47.03999999999999,66.79199999999999,17.568,23.255999999999993,27.863999999999997,76.8,37.70399999999999,53.304,56.855999999999995,58.872
47.976000000000006,23.208,60.88799999999999,35.856,25.848,44.16,21.288,22.56,10.895999999999997,0.0,41.136,28.392,30.551999999999996,30.312000000000005,11.808,10.968,15.144000000000005,34.344,40.727999999999994,33.983999999999995,30.336,39.624,23.76,36.93599999999999,12.239999999999998,31.679999999999996,29.303999999999995,29.352,24.24,18.048,29.375999999999998,12.695999999999998,37.752,29.472,46.656,29.951999999999998,19.92,36.168,32.208000000000006,46.992000000000004,15.6,25.344,37.2,61.22399999999999,30.359999999999996,65.52,30.240000000000002,34.10399999999999,41.711999999999996,16.247999999999998,39.864,26.376000000000005,67.176,15.960000000000003,60.552,33.144,22.559999999999995,33.048,21.288,43.51199999999999,16.2,51.768,36.024,30.768000000000004,20.856,58.776,21.48,44.208000000000006,37.272,39.336,12.024000000000003,12.552,39.576,46.31999999999999,22.392,27.072000000000003,58.99199999999999,13.463999999999999,16.799999999999994,25.727999999999994,61.99199999999999,43.559999999999995,10.488000000000001,26.544,22.392,65.352,37.872,50.952000000000005,37.224,24.384,42.168,23.064000000000004,36.144,55.895999999999994,20.784,13.511999999999995,31.031999999999996,65.904,30.168000000000003,56.472,45.959999999999994,47.976000000000006
11.303999999999997,64.34399999999998,19.752,58.8,66.984,24.24,56.471999999999994,63.696,52.032,41.136,0.0,69.52799999999999,25.224000000000004,16.295999999999992,29.327999999999996,30.167999999999996,27.720000000000006,47.495999999999995,55.12799999999999,13.007999999999996,52.175999999999995,33.38399999999999,17.375999999999994,24.215999999999998,53.37599999999999,72.81599999999999,11.831999999999999,43.75200000000001,63.023999999999994,32.448,70.512,28.439999999999998,38.328,18.767999999999997,33.93600000000001,15.647999999999994,21.215999999999994,30.407999999999994,59.56799999999999,32.59199999999999,25.535999999999994,15.791999999999994,56.11199999999999,20.088,13.367999999999995,24.384,14.256000000000007,48.504,35.664,57.383999999999986,25.46399999999999,14.759999999999991,26.040000000000003,30.360000000000003,46.151999999999994,74.28,63.696,13.991999999999996,29.831999999999994,84.64799999999998,48.168,37.368,21.623999999999995,10.367999999999991,20.279999999999994,44.376000000000005,53.16,58.608000000000004,13.319999999999993,80.472,29.11199999999999,28.583999999999996,48.023999999999994,60.72,23.160000000000004,14.063999999999993,17.856,27.671999999999997,32.495999999999995,40.12799999999999,20.856,17.975999999999996,35.39999999999999,38.4,36.792,24.216000000000008,23.472,9.816000000000008,13.224000000000004,44.063999999999986,45.672000000000004,20.61599999999999,16.943999999999992,14.760000000000005,61.91999999999999,28.775999999999996,41.495999999999995,24.768,15.768,42.072,11.399999999999995,11.303999999999997
76.368,24.288,89.27999999999999,27.576,12.863999999999997,72.55199999999999,29.567999999999998,5.831999999999998,17.496000000000002,28.392,69.52799999999999,0.0,58.94399999999999,53.232,40.199999999999996,39.35999999999999,43.536,26.063999999999997,49.007999999999996,62.37599999999998,22.055999999999997,36.144,52.152,45.312,16.152,6.120000000000001,57.696,37.632000000000005,15.96,43.224,8.904,41.087999999999994,66.14399999999999,50.75999999999999,75.048,53.88,48.312000000000005,39.12,23.928,44.904,43.992,53.736,28.92,89.61599999999999,58.75199999999999,93.91199999999999,58.632,48.71999999999999,70.10399999999998,12.144,68.25599999999999,54.768,95.568,42.96,52.272,4.752000000000001,22.872000000000003,61.44,39.696,15.120000000000001,24.48,49.2,61.967999999999996,59.160000000000004,49.248000000000005,50.496,16.368,52.48799999999999,65.664,10.944,40.416000000000004,40.944,31.295999999999996,54.599999999999994,50.784,55.464,87.38399999999999,41.855999999999995,37.032,40.776,90.38399999999999,71.95199999999998,34.128,54.936,39.984,93.744,48.072,79.34400000000001,65.616,32.664,33.888,48.912000000000006,64.536,84.28800000000001,12.455999999999998,40.752,28.031999999999996,94.29599999999998,55.199999999999996,48.192,74.352,76.368
36.528,53.75999999999999,30.336,48.21599999999999,56.4,13.607999999999999,45.88799999999999,53.111999999999995,41.447999999999986,30.551999999999996,25.224000000000004,58.94399999999999,0.0,41.136,18.743999999999996,19.583999999999996,15.40799999999999,45.168,29.903999999999993,38.232,41.59199999999999,50.44800000000001,26.136,47.76,42.791999999999994,62.232,15.120000000000001,29.80799999999999,52.44,15.719999999999997,59.928,17.855999999999998,13.103999999999997,40.296,16.104000000000006,40.776,15.528,46.992,48.98399999999999,57.815999999999995,14.951999999999996,16.872000000000003,48.023999999999994,30.672,38.59199999999999,34.967999999999996,10.967999999999996,23.279999999999998,11.16,46.8,50.68799999999999,35.232,36.624,15.983999999999993,71.37599999999999,63.696,53.111999999999995,39.216,32.112,74.064,37.583999999999996,62.592,46.848,27.240000000000002,10.607999999999999,69.60000000000001,42.57599999999999,33.384,38.544,69.88799999999999,18.52799999999999,18.48,50.4,35.495999999999995,8.159999999999997,34.824,30.695999999999998,17.087999999999997,21.911999999999995,18.167999999999996,31.44,13.008000000000003,24.815999999999995,13.175999999999995,18.959999999999997,34.800000000000004,48.696000000000005,32.784,12.0,33.47999999999999,52.99199999999999,33.888,42.168,28.512000000000004,51.336,18.191999999999997,41.856,35.352,40.992000000000004,67.296,36.623999999999995,36.528
23.136,48.047999999999995,36.047999999999995,42.504,50.688,40.152,51.599999999999994,47.400000000000006,35.736,30.312000000000005,16.295999999999992,53.232,41.136,0.0,23.352000000000004,34.56,43.632000000000005,31.200000000000003,71.04,9.143999999999993,35.88,17.088,15.000000000000004,7.920000000000005,37.08,56.519999999999996,26.016000000000002,59.664000000000016,46.727999999999994,48.36,54.21600000000001,34.608000000000004,54.24,2.4720000000000026,49.848000000000006,0.6479999999999989,25.608000000000004,14.112000000000004,43.272,16.679999999999996,29.112000000000005,24.264000000000003,39.81600000000001,36.38399999999999,5.519999999999993,40.679999999999986,30.168000000000006,64.41600000000001,51.576,41.088,15.023999999999994,5.904000000000002,42.336,46.272,30.239999999999995,57.983999999999995,47.4,8.208,13.536000000000001,68.352,46.51200000000001,21.455999999999992,8.735999999999997,13.896,30.528000000000006,28.464,36.864000000000004,74.52000000000001,12.431999999999995,64.176,24.144000000000005,22.656000000000002,31.728,76.63199999999999,39.072,6.312000000000006,34.151999999999994,33.84,47.112,56.04,37.151999999999994,33.888,19.824,54.312000000000005,52.704,40.51200000000001,7.559999999999999,26.112000000000002,29.136000000000003,54.696,29.376000000000005,7.248000000000003,11.303999999999993,31.055999999999997,45.624,43.82399999999999,25.2,41.064,1.9679999999999964,26.159999999999997,21.119999999999994,23.136
36.168000000000006,35.016,49.08,29.471999999999998,37.656,32.352,28.247999999999998,34.368,22.703999999999997,11.808,29.327999999999996,40.199999999999996,18.743999999999996,23.352000000000004,0.0,11.208,20.28,27.384,47.687999999999995,22.175999999999995,23.375999999999994,32.664,11.952,29.975999999999996,24.048,43.48799999999999,17.496,36.312,33.696,25.008,41.184,11.255999999999998,30.887999999999998,22.512,34.848,22.992,8.112000000000002,29.207999999999995,30.24,40.032,5.760000000000001,13.536000000000001,30.240000000000002,49.416,20.808,53.711999999999996,18.432000000000002,41.064,29.903999999999996,28.055999999999997,32.903999999999996,17.448000000000004,55.367999999999995,22.92,53.59199999999999,44.952,34.368,21.432,14.328000000000001,55.32,23.16,44.808,29.063999999999997,18.960000000000004,9.048000000000004,51.816,23.831999999999997,51.168,25.464,51.14399999999999,0.7920000000000001,0.7440000000000012,32.616,53.279999999999994,15.72,17.04,47.184,10.487999999999998,23.759999999999994,32.687999999999995,50.184,31.752,6.071999999999998,30.959999999999994,29.352,53.544000000000004,30.912000000000006,39.144000000000005,25.415999999999997,31.344,35.208,16.104000000000003,24.383999999999993,44.088,32.592,20.471999999999994,24.072000000000003,54.096,23.208000000000002,49.512,34.151999999999994,36.168000000000006
37.008,34.176,49.91999999999999,40.104,36.815999999999995,33.19199999999999,26.303999999999995,33.528,21.863999999999997,10.968,30.167999999999996,39.35999999999999,19.583999999999996,34.56,11.208,0.0,9.072000000000003,38.59199999999999,36.47999999999999,31.656,34.583999999999996,43.872,19.56,41.18399999999999,23.208,42.647999999999996,18.335999999999995,25.104,32.856,13.799999999999999,40.344,1.727999999999997,26.784,33.72,35.688,34.199999999999996,8.952,40.41599999999999,36.456,51.24,5.447999999999999,14.376,41.44800000000001,50.25599999999999,32.016,54.55199999999999,19.272000000000002,29.855999999999995,30.743999999999996,27.215999999999998,44.111999999999995,28.656000000000002,56.208,11.712000000000003,64.8,44.112,33.528,32.64,25.536,54.480000000000004,18.0,56.016000000000005,40.272,20.664,9.888000000000002,63.024,25.728,39.959999999999994,31.967999999999996,50.304,10.415999999999999,11.904000000000002,43.82399999999999,42.072,11.424,28.247999999999998,48.023999999999994,2.4959999999999978,12.551999999999996,21.479999999999997,51.023999999999994,32.592,14.736,19.751999999999995,18.144000000000002,54.38400000000001,42.12,39.98400000000001,26.255999999999997,20.136,46.416,27.312,35.59199999999999,44.928,31.752,9.263999999999996,35.28,54.936,34.416000000000004,60.72,34.992,37.008
39.024,38.352000000000004,45.743999999999986,49.176,40.99200000000001,29.01599999999999,30.48,37.704,26.040000000000003,15.144000000000005,27.720000000000006,43.536,15.40799999999999,43.632000000000005,20.28,9.072000000000003,0.0,47.663999999999994,27.407999999999994,40.727999999999994,43.65599999999999,52.944,28.632,50.25599999999999,27.384000000000007,46.824000000000005,17.616000000000003,16.032,37.56,4.727999999999997,44.52000000000001,9.024000000000003,22.607999999999993,42.792,31.511999999999997,43.272,18.024000000000004,49.48799999999999,45.528,60.312000000000005,14.520000000000001,19.368000000000006,50.519999999999996,46.07999999999999,41.088,50.37599999999998,15.095999999999997,20.783999999999992,26.56799999999999,31.392000000000003,53.18399999999999,37.728,52.032,2.640000000000001,73.872,48.28800000000001,37.70400000000001,41.712,34.608000000000004,58.656,22.176000000000005,65.08800000000001,49.344,29.736000000000004,13.104000000000001,72.096,34.800000000000004,30.887999999999998,41.04,54.480000000000004,19.488000000000003,20.976000000000003,52.895999999999994,32.99999999999999,7.247999999999994,37.32,43.84799999999999,9.792000000000003,6.504000000000006,12.407999999999994,46.84799999999999,28.415999999999993,23.808000000000003,11.399999999999995,9.071999999999997,50.208,51.19200000000001,35.808,22.079999999999995,18.072000000000003,55.488,36.384,44.663999999999994,40.75199999999999,35.928000000000004,2.7840000000000065,44.35200000000001,50.75999999999999,43.48800000000001,69.792,39.12,39.024
54.336,50.352,67.248,11.303999999999997,38.928,50.51999999999999,55.632,30.023999999999994,31.176,34.344,47.495999999999995,26.063999999999997,45.168,31.200000000000003,27.384,38.59199999999999,47.663999999999994,0.0,75.072,40.343999999999994,4.680000000000001,14.112000000000002,30.12,23.279999999999998,26.759999999999998,32.184,35.663999999999994,63.696,15.527999999999999,52.391999999999996,34.967999999999996,38.64,58.27199999999999,28.728,53.88,31.848000000000003,29.639999999999997,17.088,12.071999999999997,22.872000000000003,33.144,31.704,8.615999999999998,67.584,36.72,71.88000000000001,36.6,68.448,55.608000000000004,32.64,46.224,32.736000000000004,73.536,50.304,26.208,28.127999999999997,48.936,39.408,17.664,37.152,50.544000000000004,27.168,39.936,37.12800000000001,34.56,24.432000000000002,12.863999999999997,78.552,43.632,32.97599999999999,28.176,26.687999999999995,5.232,80.664,43.104,33.432,65.352,37.872,51.14399999999999,60.072,68.35199999999999,49.91999999999999,23.855999999999998,58.34399999999999,56.736,71.712,26.040000000000003,57.312000000000005,43.583999999999996,58.727999999999994,7.823999999999999,26.880000000000006,42.504,62.25599999999999,14.424,47.855999999999995,6.000000000000002,72.264,33.168,22.128,52.31999999999999,54.336
66.432,29.711999999999996,54.384,76.58399999999999,36.144,37.656,21.839999999999993,45.04799999999999,43.895999999999994,40.727999999999994,55.12799999999999,49.007999999999996,29.903999999999993,71.04,47.687999999999995,36.47999999999999,27.407999999999994,75.072,0.0,68.136,71.064,80.35199999999999,56.03999999999999,77.664,48.312,42.88799999999999,45.023999999999994,11.375999999999992,64.968,22.679999999999996,40.10399999999999,36.431999999999995,31.248,70.2,40.15200000000001,70.67999999999999,45.431999999999995,76.89599999999997,72.93599999999999,87.71999999999998,41.928,46.775999999999996,77.928,54.72,68.496,59.016,40.871999999999986,13.823999999999998,35.208,42.431999999999995,80.592,65.136,60.672,24.76799999999999,101.27999999999999,46.943999999999996,29.063999999999993,69.11999999999999,62.01599999999999,50.01599999999999,24.527999999999995,92.496,76.752,57.14399999999999,40.511999999999986,99.50399999999999,62.208,11.208000000000006,68.448,45.839999999999996,46.895999999999994,48.383999999999986,80.304,9.384000000000002,31.96799999999999,64.728,60.59999999999999,37.199999999999996,23.927999999999997,14.999999999999996,55.488,37.152,51.21599999999999,20.040000000000003,18.335999999999995,58.848000000000006,78.6,62.68799999999999,41.90399999999999,16.343999999999994,82.89599999999997,63.791999999999994,72.07199999999999,58.416,61.464,27.215999999999998,71.75999999999999,59.4,70.896,97.19999999999999,66.52799999999999,66.432
13.992000000000008,57.19199999999999,26.904,51.64799999999999,59.831999999999994,37.24799999999999,49.31999999999999,56.544,44.87999999999999,33.983999999999995,13.007999999999996,62.37599999999998,38.232,9.143999999999993,22.175999999999995,31.656,40.727999999999994,40.343999999999994,68.136,0.0,45.023999999999994,26.231999999999992,12.095999999999997,17.063999999999997,46.224,65.66399999999999,23.112,56.760000000000005,55.872,45.455999999999996,63.35999999999999,31.703999999999997,51.336,11.615999999999994,46.944,8.495999999999993,22.703999999999997,23.255999999999993,52.41599999999999,19.584,26.208,21.359999999999996,48.959999999999994,27.240000000000002,3.623999999999999,31.536,27.264000000000003,61.51199999999999,48.672,50.232,12.455999999999998,7.607999999999991,33.192,43.368,33.144,67.128,56.54399999999998,0.9840000000000003,22.679999999999993,77.496,43.608000000000004,24.360000000000003,8.616,10.991999999999996,27.624,31.368000000000002,46.007999999999996,71.616,3.288000000000002,73.32,21.95999999999999,21.431999999999995,40.87199999999999,73.728,36.168,6.911999999999993,25.008000000000003,30.935999999999996,44.20799999999999,53.135999999999996,28.008000000000003,30.98399999999999,28.247999999999994,51.407999999999994,49.8,31.36800000000001,14.303999999999991,16.968000000000007,26.232,51.791999999999994,38.51999999999999,13.46399999999999,3.935999999999997,21.912000000000006,54.768,40.919999999999995,34.343999999999994,31.92,7.175999999999996,29.064,11.976,13.992000000000008
59.016000000000005,46.343999999999994,71.928,6.623999999999997,34.919999999999995,55.199999999999996,51.623999999999995,26.016,27.168,30.336,52.175999999999995,22.055999999999997,41.59199999999999,35.88,23.375999999999994,34.583999999999996,43.65599999999999,4.680000000000001,71.064,45.023999999999994,0.0,18.792,34.8,27.959999999999994,22.752,28.176,40.343999999999994,59.68799999999999,10.847999999999999,48.383999999999986,30.959999999999994,34.632,54.263999999999996,33.408,57.696,36.528000000000006,30.96,21.768,7.391999999999997,27.552,29.136,36.384,6.8640000000000025,72.264,41.4,76.55999999999999,41.28000000000001,64.44,52.75199999999999,28.631999999999998,50.903999999999996,37.416000000000004,78.21600000000001,46.296,30.215999999999998,24.119999999999997,44.928,44.088,22.344000000000005,32.471999999999994,46.536,31.848000000000003,44.616,41.808,31.896000000000004,28.44,8.855999999999996,74.544,48.312,28.295999999999996,24.167999999999996,23.592000000000002,9.240000000000002,76.65599999999999,39.096,38.112,70.032,33.864,47.13599999999999,56.06399999999999,73.032,54.599999999999994,19.848,54.33599999999999,52.727999999999994,76.392,30.720000000000006,61.992000000000004,48.263999999999996,54.71999999999999,11.832,31.560000000000002,47.184,66.93599999999999,9.743999999999998,43.84799999999999,10.680000000000001,76.944,37.848,26.136000000000003,57.0,59.016000000000005
40.224000000000004,55.632,53.13599999999999,25.415999999999997,44.208000000000006,49.464,60.912000000000006,35.304,36.456,39.624,33.38399999999999,36.144,50.44800000000001,17.088,32.664,43.872,52.944,14.112000000000002,80.35199999999999,26.231999999999992,18.792,0.0,24.312,9.167999999999996,32.04,39.431999999999995,35.328,68.976,29.64,57.672,40.248000000000005,43.92,63.55200000000001,14.616,59.16,17.736,34.92,3.456000000000005,26.183999999999997,8.759999999999998,38.424,33.576,22.727999999999998,53.471999999999994,22.607999999999993,57.76799999999999,39.480000000000004,73.728,60.88799999999999,37.92,32.111999999999995,18.624000000000002,59.42399999999999,55.584,20.927999999999997,40.895999999999994,54.215999999999994,25.296,18.336000000000002,51.263999999999996,55.824,13.056000000000001,25.823999999999998,23.208,39.84,19.152,19.776,83.832,29.519999999999996,47.088,33.456,31.968,14.639999999999999,85.944,48.38400000000001,19.32,51.24,43.152,56.42399999999999,65.352,54.24,43.199999999999996,29.136,63.624,62.016000000000005,57.60000000000001,11.928000000000003,43.199999999999996,38.44800000000001,64.008,12.288000000000002,16.56,28.391999999999996,48.144000000000005,28.536,53.135999999999996,8.592000000000002,58.152,19.055999999999997,16.848,38.20799999999999,40.224000000000004
24.216,46.967999999999996,37.12799999999999,41.42399999999999,49.608000000000004,25.151999999999994,39.096,46.32,34.656,23.76,17.375999999999994,52.152,26.136,15.000000000000004,11.952,19.56,28.632,30.12,56.03999999999999,12.095999999999997,34.8,24.312,0.0,21.623999999999995,36.0,55.44,11.016,44.663999999999994,45.648,33.36,53.135999999999996,19.608,39.24,14.16,34.848,14.639999999999999,10.607999999999999,20.855999999999995,42.19199999999999,31.679999999999996,14.112000000000002,9.263999999999998,38.736,37.464,12.455999999999998,41.76,15.168000000000005,49.416,36.576,40.008,24.551999999999996,9.096000000000002,43.416,31.272000000000002,45.24,56.903999999999996,46.32,13.079999999999998,12.455999999999998,67.272,31.512,36.456,20.711999999999996,7.008000000000004,15.528,43.464,35.784,59.519999999999996,13.511999999999997,63.096,11.735999999999997,11.208,30.647999999999996,61.632,24.072000000000003,8.687999999999997,35.232,18.84,32.111999999999995,41.04,38.232,19.8,18.023999999999997,39.312,37.704,41.592000000000006,22.560000000000006,27.192000000000004,14.136000000000001,39.696,28.296,7.752000000000001,16.031999999999993,32.136,44.544000000000004,28.823999999999995,24.12,42.144,14.856000000000002,41.16,22.199999999999996,24.216
31.056000000000004,52.94399999999999,43.967999999999996,34.583999999999996,42.768,46.77599999999999,58.22399999999999,39.48,33.767999999999994,36.93599999999999,24.215999999999998,45.312,47.76,7.920000000000005,29.975999999999996,41.18399999999999,50.25599999999999,23.279999999999998,77.664,17.063999999999997,27.959999999999994,9.167999999999996,21.623999999999995,0.0,29.35199999999999,48.59999999999999,32.63999999999999,66.288,38.80799999999999,54.98399999999999,46.296,41.232,60.864,7.463999999999994,56.472,8.568000000000005,32.23199999999999,6.1919999999999975,35.352,10.056000000000004,35.736,30.88799999999999,31.895999999999997,44.304,13.439999999999998,48.599999999999994,36.792,71.03999999999999,58.199999999999996,35.23199999999999,22.944,12.527999999999992,50.256,52.895999999999994,23.616,50.06399999999999,51.52799999999999,16.128000000000004,15.647999999999994,60.431999999999995,53.135999999999996,14.832000000000004,16.656000000000002,20.519999999999992,37.151999999999994,21.840000000000007,28.943999999999996,81.144,20.352,56.25599999999999,30.767999999999994,29.279999999999994,23.807999999999996,83.25599999999999,45.696,12.935999999999996,42.072,40.464,53.73599999999999,62.663999999999994,45.072,40.511999999999986,26.447999999999993,60.93599999999999,59.327999999999996,48.432,2.7600000000000073,34.032000000000004,35.76,61.31999999999999,21.456,13.871999999999993,19.224,38.976000000000006,37.70399999999999,50.447999999999986,17.279999999999994,48.983999999999995,9.888000000000002,19.536000000000005,29.04,31.056000000000004
60.215999999999994,23.592,73.128,28.272000000000002,13.608,56.4,28.872,10.320000000000002,4.4159999999999995,12.239999999999998,53.37599999999999,16.152,42.791999999999994,37.08,24.048,23.208,27.384000000000007,26.759999999999998,48.312,46.224,22.752,32.04,36.0,29.35199999999999,0.0,19.439999999999998,41.544,36.93600000000001,16.656,27.072000000000003,17.136,24.935999999999996,49.992000000000004,34.608,58.896,37.727999999999994,32.16,28.583999999999996,24.624000000000002,39.408,27.839999999999996,37.583999999999996,29.616,73.464,42.59999999999999,77.75999999999999,42.480000000000004,41.687999999999995,53.952,5.879999999999998,52.10399999999999,38.616,79.41600000000001,26.808000000000003,52.967999999999996,20.904,22.175999999999995,45.288000000000004,23.544,31.272000000000002,23.784,44.184,45.815999999999995,43.008,33.096,51.192,13.896,51.792,49.51199999999999,27.096,24.264000000000003,24.791999999999998,31.992000000000004,53.903999999999996,34.632,39.312,71.232,25.703999999999997,24.384,33.312,74.232,55.8,17.976,38.784,29.976000000000003,77.592,31.92,63.192,49.464,31.968,34.583999999999996,32.760000000000005,48.383999999999986,68.136,13.152000000000001,24.599999999999998,23.447999999999997,78.144,39.047999999999995,48.888,58.19999999999999,60.215999999999994
79.65599999999999,18.168,92.56799999999998,33.696000000000005,6.743999999999996,75.83999999999999,23.447999999999997,9.119999999999997,20.784,31.679999999999996,72.81599999999999,6.120000000000001,62.232,56.519999999999996,43.48799999999999,42.647999999999996,46.824000000000005,32.184,42.88799999999999,65.66399999999999,28.176,39.431999999999995,55.44,48.59999999999999,19.439999999999998,0.0,60.98399999999999,32.424,22.080000000000002,46.51199999999999,2.7839999999999985,44.376000000000005,69.432,54.047999999999995,78.336,57.168,51.599999999999994,42.408,30.048000000000002,48.19199999999999,47.28000000000001,57.024,35.04,92.90399999999998,62.03999999999999,97.19999999999999,61.92,52.007999999999996,73.392,15.431999999999999,71.544,58.056,98.856,46.248,58.391999999999996,4.056000000000001,16.752,64.728,42.984,11.831999999999999,24.648000000000003,52.48799999999999,65.25599999999999,62.44800000000001,52.536,56.616,19.656000000000002,49.391999999999996,68.95199999999998,7.656000000000001,43.704,44.232,37.416000000000004,48.48,54.072,58.751999999999995,90.672,45.144000000000005,40.31999999999999,44.064,93.672,75.24,37.416,58.22399999999999,43.27199999999999,97.032,51.35999999999999,82.63199999999999,68.904,28.752,40.008,52.2,67.824,87.57599999999998,18.576,44.03999999999999,31.32,97.58399999999999,58.48799999999999,54.312,77.63999999999999,79.65599999999999
21.407999999999998,52.51199999999999,31.584,46.967999999999996,55.152,14.855999999999998,44.63999999999999,51.864,40.199999999999996,29.303999999999995,11.831999999999999,57.696,15.120000000000001,26.016000000000002,17.496,18.335999999999995,17.616000000000003,35.663999999999994,45.023999999999994,23.112,40.343999999999994,35.328,11.016,32.63999999999999,41.544,60.98399999999999,0.0,33.648,51.19199999999999,22.344,58.67999999999999,16.608,28.223999999999997,25.176,23.832000000000004,25.656,9.383999999999995,31.871999999999993,47.736,42.696,13.703999999999997,3.9599999999999964,44.27999999999999,31.92,23.471999999999998,36.216,4.1520000000000055,38.4,25.56,45.55199999999999,35.568,20.112000000000002,37.872,20.256000000000004,56.25599999999999,62.44799999999999,51.864,24.095999999999997,17.999999999999996,72.816,36.336,47.472,31.727999999999994,12.120000000000001,8.447999999999995,54.480000000000004,41.327999999999996,48.504,23.423999999999996,68.63999999999999,17.279999999999994,16.751999999999995,36.19199999999999,50.616,13.056000000000003,19.703999999999997,29.688000000000002,15.839999999999998,21.095999999999997,30.023999999999997,32.688,14.256000000000002,23.567999999999994,28.295999999999996,26.688000000000002,36.04800000000001,33.576,21.648000000000007,7.920000000000002,32.23199999999999,37.872,18.768,27.047999999999995,26.592000000000002,50.087999999999994,17.807999999999996,29.663999999999998,36.6,25.872,52.176,21.503999999999998,21.407999999999998
55.05600000000001,23.952000000000005,60.14399999999999,65.208,26.592000000000006,43.41599999999999,16.080000000000002,33.672000000000004,32.52,29.352,43.75200000000001,37.632000000000005,29.80799999999999,59.664000000000016,36.312,25.104,16.032,63.696,11.375999999999992,56.760000000000005,59.68799999999999,68.976,44.663999999999994,66.288,36.93600000000001,32.424,33.648,0.0,53.592,14.087999999999994,30.120000000000005,25.056,37.007999999999996,58.82400000000001,45.912,59.304,34.056000000000004,65.52,61.559999999999995,76.34400000000001,30.552,35.400000000000006,66.55199999999999,60.48,57.120000000000005,64.776,29.495999999999995,19.583999999999993,40.96799999999999,31.056,69.21600000000001,53.76000000000001,66.432,13.823999999999998,89.904,35.568000000000005,23.304000000000002,57.744,50.64,44.256,13.152000000000001,81.12,65.376,45.768,29.136,88.12800000000001,50.831999999999994,16.967999999999996,57.072,40.080000000000005,35.52,37.008,68.928,16.967999999999993,21.647999999999993,53.352000000000004,58.248,25.824,12.552000000000005,11.639999999999995,61.248,42.81599999999999,39.84,25.799999999999994,10.847999999999994,64.608,67.224,51.312000000000005,36.47999999999999,4.968000000000002,71.52,52.416000000000004,60.696,55.152,50.088,15.840000000000007,60.38400000000001,65.16,59.52000000000001,85.82400000000001,55.15200000000001,55.05600000000001
69.86399999999999,40.248,82.776,11.616000000000001,28.823999999999998,66.048,45.528,19.92,21.072000000000003,24.24,63.023999999999994,15.96,52.44,46.727999999999994,33.696,32.856,37.56,15.527999999999999,64.968,55.872,10.847999999999999,29.64,45.648,38.80799999999999,16.656,22.080000000000002,51.19199999999999,53.592,0.0,42.288000000000004,24.863999999999997,34.583999999999996,59.64,44.25599999999999,68.544,47.376000000000005,41.808,32.616,7.968000000000002,38.4,37.488,47.232,12.96,83.11200000000001,52.24799999999999,87.408,52.128,58.343999999999994,63.599999999999994,22.536,61.75199999999999,48.263999999999996,89.064,40.20000000000001,36.312,18.023999999999997,38.832,54.936,33.192,21.624,40.440000000000005,42.696,55.464,52.656000000000006,42.74400000000001,34.536,9.864,68.44800000000001,59.16,20.663999999999998,33.912000000000006,34.44,15.336,70.55999999999999,44.28000000000001,48.959999999999994,80.88000000000001,35.352,41.04,49.967999999999996,83.88000000000001,65.44800000000001,27.624000000000002,48.431999999999995,46.632,87.24,41.568,72.84,59.112,48.624,17.927999999999997,42.408,58.032,77.784,3.5039999999999996,37.752,21.528000000000002,87.79199999999999,48.696,35.064,67.84799999999998,69.86399999999999
