0.0,31.727999999999994,69.312,65.80799999999999,17.879999999999995,55.559999999999995,40.464,25.439999999999994,39.88799999999999,79.96799999999998,74.01599999999999,31.344,24.455999999999996,36.696,8.351999999999999,43.51199999999999,29.30399999999999,37.583999999999996,17.999999999999996,30.887999999999998,50.087999999999994,28.967999999999996,58.29599999999999,16.895999999999994,61.343999999999994,30.743999999999996,23.207999999999995,37.919999999999995,38.35199999999999,23.712000000000007,21.599999999999994,29.04,28.968,49.31999999999999,28.08,53.27999999999999,32.44799999999999,30.791999999999994,12.144,39.936,20.616,15.50399999999999,57.45599999999999,41.303999999999995,28.247999999999994,13.584,63.552,39.672000000000004,72.576,49.08,58.27199999999999,44.495999999999995,25.608000000000004,54.55199999999999,34.848,57.552,67.60799999999999,7.080000000000006,18.672,59.184,12.647999999999996,74.25599999999999,26.183999999999994,13.943999999999996,67.104,62.30399999999999,29.807999999999993,20.543999999999997,19.32,18.047999999999995,51.743999999999986,52.464,19.319999999999997,9.455999999999994,43.272,33.12,7.175999999999996,50.37599999999998,8.280000000000006,75.048,44.52,42.55199999999999,34.943999999999996,49.032,23.351999999999997,66.696,43.007999999999996,74.688,11.976,20.640000000000008,55.632,8.208000000000007,41.471999999999994,44.304,35.13599999999999,17.68799999999999,21.744000000000003,66.024,33.12,20.207999999999995,79.89600000000002,0.0
31.727999999999994,0.0,71.27999999999999,67.776,13.848,43.848,72.0,8.495999999999997,41.855999999999995,81.93599999999999,75.984,33.312,27.864,32.76,34.943999999999996,45.48,6.264000000000005,69.312,17.76,32.855999999999995,57.0,30.935999999999996,60.263999999999996,14.832,63.312,54.696000000000005,22.391999999999996,39.88799999999999,37.391999999999996,55.44,14.639999999999999,5.471999999999999,30.936,51.28799999999999,56.928000000000004,55.24799999999999,34.416,32.76,24.096,41.904,18.648,16.224000000000004,42.288000000000004,49.56,34.104000000000006,21.983999999999998,39.552,41.64,74.544,51.047999999999995,26.543999999999997,46.464,57.336,56.51999999999999,42.43200000000001,26.016,69.576,38.808,19.631999999999998,61.152,19.08,76.22399999999999,33.672000000000004,24.264000000000006,69.072,64.27199999999999,2.9280000000000035,12.192000000000002,37.656,13.68,36.528,54.431999999999995,21.287999999999997,22.272000000000002,45.24,50.496,27.384,39.0,40.008,77.016,76.24799999999999,44.51999999999999,36.912,28.392,8.376,34.967999999999996,44.97599999999999,76.656,43.704,52.367999999999995,57.599999999999994,39.936,70.32,38.928,3.9359999999999986,14.040000000000003,19.776000000000003,67.992,49.29600000000001,11.520000000000003,81.86399999999999,31.727999999999994
69.312,71.27999999999999,0.0,44.976000000000006,81.768,27.432,70.992,62.78399999999999,29.423999999999992,13.248000000000001,17.280000000000005,37.96799999999999,44.855999999999995,38.51999999999999,77.664,35.88,77.544,68.304,53.51999999999999,38.42399999999999,55.99199999999999,40.343999999999994,11.015999999999995,73.584,11.904000000000002,53.68800000000001,48.88799999999999,31.391999999999996,33.888,54.432,85.91999999999999,76.752,40.34399999999999,19.991999999999994,55.92000000000001,47.904,36.864,38.51999999999999,81.45599999999999,29.37599999999999,89.928,65.04,28.991999999999997,48.55200000000001,41.064,55.727999999999994,32.832,29.639999999999993,37.584,20.232,47.232,40.368,56.328,28.392,41.424000000000014,45.263999999999996,34.248000000000005,62.519999999999996,87.984,10.127999999999997,67.368,28.896,43.12799999999999,55.367999999999995,42.72,10.080000000000002,74.208,83.472,49.99199999999999,65.136,34.75199999999999,48.431999999999995,49.99199999999999,77.616,26.039999999999992,49.48800000000001,62.135999999999996,32.279999999999994,63.815999999999995,32.85600000000001,75.24,26.759999999999994,34.367999999999995,42.88799999999999,76.968,38.087999999999994,33.312,36.81600000000001,72.93599999999999,53.75999999999999,13.679999999999993,73.728,69.312,32.352,67.344,64.488,91.056,26.280000000000005,48.28800000000001,60.28799999999999,29.544000000000004,69.312
65.80799999999999,67.776,44.976000000000006,0.0,78.264,69.816,26.016,59.27999999999999,30.528,31.728,27.695999999999998,34.46399999999999,41.35199999999999,50.952,74.16,22.295999999999996,74.04,31.295999999999996,50.016,38.808,15.72,42.55199999999999,54.88799999999999,70.08,33.072,35.064,45.38399999999999,50.111999999999995,52.60799999999999,47.03999999999999,82.41600000000001,73.24799999999999,40.775999999999996,35.256,37.727999999999994,12.528,33.36,35.016,77.95199999999998,31.343999999999994,86.42399999999999,61.536,71.712,24.504,37.56,52.22399999999999,77.808,50.808,7.391999999999998,51.0,72.52799999999999,21.311999999999998,45.144,16.584,30.959999999999994,71.808,10.727999999999996,59.016,84.48,39.6,63.864,16.08,39.623999999999995,51.864,2.255999999999999,34.895999999999994,70.704,79.968,46.48799999999999,61.632,66.0,13.343999999999996,46.48799999999999,74.112,42.88799999999999,32.687999999999995,58.632,64.63199999999999,60.312,12.119999999999994,36.263999999999996,23.255999999999997,30.863999999999997,63.288,73.464,80.95200000000001,22.8,8.880000000000004,69.432,50.25599999999999,31.63199999999999,70.22399999999999,24.336,58.56,63.84,60.983999999999995,87.552,18.695999999999994,32.687999999999995,56.78399999999999,15.431999999999995,65.80799999999999
17.879999999999995,13.848,81.768,78.264,0.0,54.33599999999999,58.152,18.983999999999998,52.343999999999994,92.42399999999999,86.472,43.8,36.912,43.248,21.095999999999997,55.967999999999996,11.423999999999994,55.464,28.247999999999998,43.343999999999994,62.544,41.42399999999999,70.752,8.184,73.8,43.199999999999996,32.879999999999995,50.37599999999999,47.879999999999995,41.592000000000006,4.151999999999999,11.16,41.424,61.775999999999996,43.080000000000005,65.736,44.904,43.248,10.248000000000001,52.392,8.159999999999998,16.727999999999998,52.775999999999996,53.75999999999999,40.70399999999999,26.040000000000003,50.04,52.12799999999999,85.032,61.536,40.391999999999996,56.952,43.488,67.008,47.304,39.67199999999999,80.064,24.960000000000004,6.215999999999999,71.64,14.399999999999999,86.71199999999999,38.63999999999999,26.4,79.55999999999999,74.75999999999999,11.927999999999997,2.663999999999998,31.776000000000003,16.631999999999998,47.016000000000005,64.92,31.775999999999996,8.424000000000001,55.727999999999994,45.576,19.631999999999998,49.48799999999999,26.160000000000004,87.504,62.4,55.007999999999996,47.4,38.879999999999995,5.472,48.815999999999995,55.464,87.144,29.855999999999995,38.52,68.088,26.088,56.472,49.416,17.255999999999997,17.279999999999994,9.288000000000002,78.48,45.576,21.479999999999997,92.352,17.879999999999995
55.559999999999995,43.848,27.432,69.816,54.33599999999999,0.0,95.832,35.352,39.28799999999999,38.087999999999994,42.12,45.144000000000005,51.696,18.864,58.775999999999996,60.72,50.112,93.14399999999999,37.56,31.008,80.832,27.264000000000003,16.416000000000004,46.151999999999994,36.74399999999999,78.52799999999999,32.352,19.704,17.208,79.272,58.48799999999999,49.31999999999999,29.040000000000003,34.56,80.75999999999999,72.744,38.712,43.199999999999996,54.023999999999994,38.472,62.495999999999995,40.056000000000004,1.8959999999999995,73.392,57.936,45.815999999999995,7.991999999999999,19.008,62.42399999999999,18.816,19.8,65.208,81.16799999999999,53.232,66.26400000000001,17.831999999999997,59.08800000000001,62.64,60.55199999999999,30.215999999999998,42.912,53.73599999999999,57.504,48.096000000000004,67.55999999999999,34.919999999999995,46.776,56.03999999999999,61.48799999999999,37.704,7.3199999999999985,73.272,43.05599999999999,50.18399999999999,26.928,74.32799999999999,51.21599999999999,5.184,63.84,57.696,100.08,47.232,54.792,15.455999999999998,49.53599999999999,11.135999999999997,58.152,61.65599999999999,67.53599999999999,76.2,38.184000000000005,63.768,94.152,11.255999999999998,39.912,37.872,63.623999999999995,51.12,73.128,35.352,54.384,55.559999999999995
40.464,72.0,70.992,26.016,58.152,95.832,0.0,65.71199999999999,56.544000000000004,57.74399999999999,53.711999999999996,50.68799999999999,44.136,76.968,48.815999999999995,35.111999999999995,69.576,5.952000000000001,58.272,64.824,15.0,68.568,80.904,57.168,59.088,17.30399999999999,63.47999999999999,76.128,78.624,21.695999999999998,61.872,69.312,66.79199999999999,61.272,15.071999999999994,23.087999999999997,57.11999999999999,52.632,52.60799999999999,57.35999999999999,61.08,55.775999999999996,97.728,22.439999999999994,37.895999999999994,50.016,103.82400000000001,76.82400000000001,33.407999999999994,77.016,98.544,30.623999999999995,19.8,42.6,29.56799999999999,97.82400000000001,36.74399999999999,33.672000000000004,59.135999999999996,65.616,52.92,42.096,38.32799999999999,47.73599999999999,28.272,60.91199999999999,70.08,60.815999999999995,34.343999999999994,58.32,92.01599999999999,22.559999999999995,52.776,49.727999999999994,68.904,21.503999999999994,44.616,90.64799999999998,34.967999999999996,38.13599999999999,10.920000000000002,48.599999999999994,41.03999999999999,89.304,63.624,106.96799999999999,37.68,34.224000000000004,44.087999999999994,24.912,57.64799999999999,44.88,1.6799999999999982,84.57600000000001,75.408,57.959999999999994,62.208,44.711999999999996,22.703999999999994,60.47999999999999,41.448,40.464
25.439999999999994,8.495999999999997,62.78399999999999,59.27999999999999,18.983999999999998,35.352,65.71199999999999,0.0,33.36,73.44,67.48800000000001,24.816000000000003,21.576,24.263999999999996,28.65599999999999,36.984,14.760000000000002,63.023999999999994,9.264000000000003,24.36,50.712,22.439999999999998,51.768,10.799999999999997,54.81599999999999,48.408,13.895999999999999,31.392000000000003,28.896,49.152,23.135999999999996,13.967999999999996,22.44,42.791999999999994,50.64,46.75199999999999,25.919999999999995,24.263999999999996,18.671999999999997,33.408,27.143999999999995,9.936000000000003,33.792,43.272,27.816000000000003,15.695999999999998,38.111999999999995,33.144,66.048,42.552,32.832,37.967999999999996,51.047999999999995,48.023999999999994,36.144000000000005,32.111999999999995,61.079999999999984,32.52,25.2,52.65599999999999,12.791999999999998,67.72800000000001,27.384000000000004,17.976000000000003,60.576,55.776,11.424000000000001,20.688000000000002,31.368,7.391999999999998,28.031999999999996,45.936,12.935999999999996,15.984,36.744,44.208000000000006,21.095999999999997,30.504,33.72,68.52000000000001,69.96,36.024,28.415999999999997,23.592,14.183999999999996,41.256,36.48,68.16,37.416,46.080000000000005,49.104,33.648,64.032,30.432,9.696,7.752000000000001,28.272000000000002,59.496,43.008,5.232000000000001,73.36800000000001,25.439999999999994
39.88799999999999,41.855999999999995,29.423999999999992,30.528,52.343999999999994,39.28799999999999,56.544000000000004,33.36,0.0,40.08,34.128,8.543999999999997,15.431999999999999,20.423999999999996,48.239999999999995,21.432000000000002,48.12,53.855999999999995,24.095999999999997,9.0,41.544000000000004,12.023999999999994,24.359999999999996,44.16,21.455999999999992,39.24,19.464,19.583999999999993,22.08,39.98400000000001,56.495999999999995,47.327999999999996,10.919999999999996,9.431999999999999,41.472,33.456,7.440000000000003,9.096000000000002,52.032,0.8159999999999954,60.504,35.616,41.18399999999999,34.104000000000006,18.648000000000007,26.303999999999995,47.27999999999999,20.279999999999998,32.688,20.471999999999998,42.0,25.920000000000005,41.88,14.663999999999994,26.976000000000006,41.27999999999999,27.719999999999995,33.096000000000004,58.559999999999995,19.295999999999996,37.943999999999996,34.368,18.216000000000008,25.944,28.272000000000002,22.416,44.784,54.047999999999995,22.200000000000003,35.711999999999996,35.471999999999994,33.984,20.568,48.19199999999999,12.359999999999996,35.040000000000006,32.712,34.104,34.391999999999996,35.160000000000004,60.791999999999994,7.944000000000005,15.504000000000005,32.76,47.544,50.42399999999999,18.864,34.8,43.51199999999999,36.912000000000006,15.744000000000003,44.304,54.864,28.031999999999996,37.919999999999995,35.064,61.632,26.136,33.84,30.863999999999997,40.008,39.88799999999999
79.96799999999998,81.93599999999999,13.248000000000001,31.728,92.42399999999999,38.087999999999994,57.74399999999999,73.44,40.08,0.0,5.951999999999996,48.623999999999995,55.51199999999999,49.176,88.32,36.455999999999996,88.2,55.05599999999999,64.17599999999999,49.08,42.74400000000001,51.0,23.159999999999997,84.23999999999998,18.624,49.22399999999999,59.544,42.04799999999999,44.544,61.19999999999999,96.57599999999998,87.40799999999999,51.0,30.647999999999996,51.88799999999999,34.656,47.52,49.176,92.11199999999998,40.032,100.58399999999999,75.696,39.984,38.663999999999994,51.72,66.38399999999999,46.08,40.296,24.336,30.887999999999998,57.88799999999999,35.471999999999994,59.30399999999999,25.416000000000004,45.11999999999999,55.92,21.000000000000004,73.17599999999999,98.63999999999999,20.783999999999995,78.02399999999999,15.647999999999998,53.784,66.02399999999999,29.472,17.663999999999998,84.86399999999999,94.128,60.64799999999999,75.79199999999999,45.407999999999994,35.184000000000005,60.647999999999996,88.272,36.696,46.84799999999999,72.79199999999999,42.936,74.472,19.608000000000004,61.99199999999999,37.416,45.023999999999994,53.54399999999998,87.624,49.224000000000004,36.96,23.568000000000005,83.592,64.41599999999998,24.33599999999999,84.38399999999999,56.06399999999999,43.007999999999996,78.0,75.144,101.71199999999999,13.943999999999992,46.84799999999999,70.94399999999999,16.296000000000006,79.96799999999998
74.01599999999999,75.984,17.280000000000005,27.695999999999998,86.472,42.12,53.711999999999996,67.48800000000001,34.128,5.951999999999996,0.0,42.672000000000004,49.559999999999995,43.224000000000004,82.368,30.504,82.248,51.023999999999994,58.22399999999999,43.12799999999999,38.711999999999996,45.04800000000001,27.192,78.28800000000001,12.672000000000002,43.272,53.59199999999999,36.096,38.592000000000006,55.248,90.62400000000001,81.45599999999999,45.047999999999995,24.696,45.936,30.624,41.568,43.224000000000004,86.16000000000001,34.08,94.63199999999999,69.744,44.016000000000005,32.712,45.768,60.431999999999995,50.112,34.344,20.304,24.936,51.936,29.52,53.352,19.464000000000006,39.168,49.967999999999996,16.968,67.224,92.688,14.831999999999999,72.072,11.615999999999994,47.832,60.072,25.439999999999998,11.712000000000002,78.912,88.176,54.696,69.84,39.455999999999996,31.152,54.696,82.32,30.744,40.895999999999994,66.84,36.984,68.52,15.576,57.959999999999994,31.464000000000002,39.072,47.59199999999999,81.672,53.256,31.008000000000003,19.536,77.64,58.464,18.383999999999997,78.432,52.032,37.056,72.048,69.19200000000001,95.76,9.0,40.895999999999994,64.99199999999999,12.264000000000003,74.01599999999999
31.344,33.312,37.96799999999999,34.46399999999999,43.8,45.144000000000005,50.68799999999999,24.816000000000003,8.543999999999997,48.623999999999995,42.672000000000004,0.0,6.888000000000002,26.279999999999998,39.696,15.576,39.576,48.0,15.552,14.136000000000001,35.687999999999995,17.88,30.215999999999998,35.616,29.99999999999999,33.384,12.791999999999998,25.439999999999994,27.936,34.128,47.952,38.784,16.103999999999996,17.975999999999996,35.616,27.599999999999998,6.431999999999999,1.944000000000001,43.488,8.592,51.959999999999994,27.072000000000003,47.04,28.248,12.792000000000003,17.76,53.135999999999996,26.136,41.232,26.328,47.855999999999995,20.064000000000004,36.024,23.20799999999999,21.120000000000005,47.136,36.263999999999996,24.552000000000003,50.016,27.839999999999996,29.4,42.912,12.360000000000005,17.400000000000002,35.76,30.95999999999999,36.24,45.504,16.344,27.168,41.327999999999996,28.128,12.024000000000003,39.648,18.215999999999998,29.184000000000005,24.168000000000003,39.959999999999994,25.848000000000003,43.704,54.936,11.207999999999995,9.648000000000003,38.616,39.0,56.279999999999994,13.008,43.343999999999994,34.967999999999996,31.056,24.288,35.760000000000005,49.008,33.888,29.375999999999998,26.520000000000003,53.088,34.68,27.984,22.32,48.552,31.344
24.455999999999996,27.864,44.855999999999995,41.35199999999999,36.912,51.696,44.136,21.576,15.431999999999999,55.51199999999999,49.559999999999995,6.888000000000002,0.0,32.832,32.80799999999999,19.055999999999997,32.688,41.447999999999986,14.136000000000001,20.688000000000002,29.135999999999996,24.432,36.768,28.727999999999994,36.888,26.832,19.343999999999998,31.991999999999994,34.488,27.576,41.064,31.895999999999997,22.656,24.863999999999997,29.064,28.823999999999995,12.984,8.496000000000002,36.6,15.480000000000002,45.072,20.184,53.592,21.696,6.240000000000003,10.871999999999998,59.68799999999999,32.688,48.12,32.88,54.408,20.04,29.471999999999998,30.095999999999993,14.568000000000005,53.68799999999999,43.151999999999994,17.664,43.12799999999999,34.728,22.511999999999997,49.8,5.808000000000004,10.512000000000002,42.647999999999996,37.84799999999999,29.352,38.616,9.792,20.279999999999998,47.879999999999995,28.008,8.640000000000002,32.76,24.768,22.632,17.28,46.51200000000001,18.96,50.59199999999999,48.383999999999986,18.095999999999997,10.487999999999998,45.168,32.111999999999995,62.831999999999994,18.551999999999996,50.232,28.08,24.504,31.176,28.872,42.455999999999996,40.440000000000005,31.272,19.632,46.199999999999996,41.568,21.432000000000002,16.343999999999998,55.44,24.455999999999996
36.696,32.76,38.51999999999999,50.952,43.248,18.864,76.968,24.263999999999996,20.423999999999996,49.176,43.224000000000004,26.279999999999998,32.832,0.0,39.912,41.856,39.024,74.28,18.695999999999998,12.143999999999998,61.967999999999996,8.400000000000002,27.504,35.064,30.552,59.664,13.488000000000001,7.128000000000001,4.631999999999999,60.408,47.4,38.232,10.176000000000002,18.528,61.896,53.88,19.848,24.336,42.936,19.608000000000004,51.407999999999994,26.52,20.759999999999994,54.528000000000006,39.072,26.951999999999998,26.855999999999998,8.88,43.56,18.287999999999997,21.575999999999997,46.344,62.304,34.368,47.400000000000006,20.855999999999998,40.224000000000004,43.776,49.464,28.392000000000003,28.848,43.464,38.64,29.232000000000006,48.696,31.511999999999997,35.688,44.952,42.624,26.616,15.047999999999998,54.408,24.191999999999993,39.096,12.48,55.464000000000006,32.352,13.68,44.976000000000006,44.256,81.21600000000001,28.368,35.928000000000004,12.335999999999999,38.448,30.0,39.288000000000004,43.89600000000001,48.67199999999999,57.336,24.840000000000003,44.904,75.288,7.608,28.823999999999998,25.968,52.536,35.232000000000006,54.264,21.768,49.104,36.696
8.351999999999999,34.943999999999996,77.664,74.16,21.095999999999997,58.775999999999996,48.815999999999995,28.65599999999999,48.239999999999995,88.32,82.368,39.696,32.80799999999999,39.912,0.0,51.864,32.51999999999999,42.864,24.143999999999995,39.239999999999995,58.43999999999999,37.31999999999999,66.648,20.112,69.696,39.096,28.775999999999996,46.27199999999999,43.775999999999996,27.12,24.816,32.256,37.32,57.67199999999999,36.431999999999995,61.632,40.79999999999999,39.144,10.847999999999997,48.288,18.791999999999998,18.71999999999999,60.67199999999999,49.65599999999999,36.59999999999999,21.936,66.768,48.023999999999994,80.928,57.431999999999995,61.48799999999999,52.848,29.016,62.90399999999999,43.199999999999996,60.76799999999999,75.96,15.143999999999995,15.311999999999998,67.536,15.863999999999997,82.608,34.535999999999994,22.295999999999996,75.45599999999999,70.65599999999999,33.023999999999994,23.759999999999994,27.672,21.264,54.959999999999994,60.815999999999995,27.671999999999993,12.671999999999995,51.624,41.472,15.527999999999995,53.59199999999999,13.847999999999995,83.39999999999999,41.304,50.90399999999999,43.296,52.248,26.567999999999998,69.91199999999999,51.35999999999999,83.04,8.759999999999998,23.903999999999993,63.983999999999995,4.992000000000006,49.82399999999999,47.52,38.352,20.903999999999993,15.839999999999995,74.376,41.472,23.423999999999996,88.24799999999999,8.351999999999999
43.51199999999999,45.48,35.88,22.295999999999996,55.967999999999996,60.72,35.111999999999995,36.984,21.432000000000002,36.455999999999996,30.504,15.576,19.055999999999997,41.856,51.864,0.0,51.744,32.42399999999999,27.719999999999995,29.712,20.112,33.455999999999996,45.791999999999994,47.784,23.976000000000003,17.808000000000003,28.367999999999995,41.016,43.51199999999999,24.743999999999996,60.12,50.95199999999999,31.679999999999996,26.16,20.040000000000003,12.024,22.008,17.52,55.65599999999999,22.247999999999998,64.128,39.24,62.61600000000001,12.672000000000002,15.264000000000003,29.927999999999997,68.712,41.712,29.063999999999997,41.904,63.431999999999995,4.488000000000002,22.848,11.039999999999994,8.663999999999998,62.712,24.095999999999997,36.72,62.184,30.504,41.568,30.743999999999996,17.328,29.567999999999998,23.592,25.799999999999997,48.408,57.672,24.191999999999993,39.336,56.903999999999996,12.552,24.192,51.815999999999995,33.792,13.608000000000004,36.336,55.536,38.016,31.536,39.35999999999999,13.487999999999998,8.568,54.19199999999999,51.168,71.856,2.5680000000000005,31.176000000000002,47.136,27.96,22.53599999999999,47.928,33.431999999999995,49.464,41.544000000000004,38.688,65.256,22.512000000000004,12.408000000000003,34.488,36.384,43.51199999999999
29.30399999999999,6.264000000000005,77.544,74.04,11.423999999999994,50.112,69.576,14.760000000000002,48.12,88.2,82.248,39.576,32.688,39.024,32.51999999999999,51.744,0.0,66.88799999999999,24.024,39.12,58.32,37.199999999999996,66.528,12.407999999999994,69.57600000000001,52.272,28.656000000000002,46.152,43.656,53.016,8.375999999999994,0.792000000000007,37.2,57.552,54.504,61.512,40.68,39.023999999999994,21.671999999999993,48.168,13.727999999999994,13.799999999999999,48.55200000000001,49.536,36.48,21.816000000000003,45.81600000000001,47.904,80.808,57.312000000000005,30.312,52.728,54.91199999999999,62.784,43.080000000000005,32.28,75.84,36.38399999999999,17.207999999999995,67.41600000000001,16.655999999999995,82.48800000000001,34.416,22.176,75.336,70.536,3.336000000000001,8.759999999999996,35.23199999999999,12.408000000000003,42.792,60.696000000000005,27.552,19.848,51.504,48.072,24.95999999999999,45.264,37.583999999999996,83.28,73.824,50.784,43.176,34.656,5.951999999999994,39.456,51.24,82.92,41.27999999999999,49.943999999999996,63.864,37.51199999999999,67.896,45.192,10.200000000000005,13.056000000000001,16.679999999999996,74.25600000000001,46.872,17.256000000000004,88.12800000000001,29.30399999999999
37.583999999999996,69.312,68.304,31.295999999999996,55.464,93.14399999999999,5.952000000000001,63.023999999999994,53.855999999999995,55.05599999999999,51.023999999999994,48.0,41.447999999999986,74.28,42.864,32.42399999999999,66.88799999999999,0.0,55.58399999999999,62.135999999999996,15.575999999999995,65.87999999999998,78.216,54.48,56.4,14.61599999999999,60.791999999999994,73.43999999999998,75.93599999999999,15.743999999999996,59.184,66.624,64.10399999999998,58.58399999999999,12.383999999999991,20.399999999999995,54.431999999999995,49.943999999999996,46.656,54.67199999999999,55.12799999999999,53.087999999999994,95.03999999999998,19.751999999999992,35.20799999999999,47.327999999999996,101.136,74.136,38.064,74.32799999999999,95.856,27.935999999999993,13.847999999999999,39.912,26.87999999999999,95.136,34.05599999999999,30.50399999999999,53.184,62.928,50.232,39.74399999999999,35.639999999999986,45.04799999999999,32.592,58.22399999999999,67.392,58.12799999999999,31.65599999999999,55.632,89.32799999999999,19.871999999999993,50.087999999999994,47.03999999999999,66.216,18.815999999999992,41.928,87.95999999999998,29.30399999999999,40.536,6.936000000000001,45.911999999999985,38.35199999999999,86.61599999999999,60.936,104.28,34.992,40.176,38.135999999999996,18.96,54.95999999999999,38.928,6.959999999999996,81.88799999999999,72.71999999999998,55.27199999999999,56.256,42.023999999999994,20.01599999999999,57.791999999999994,45.38400000000001,37.583999999999996
17.999999999999996,17.76,53.51999999999999,50.016,28.247999999999998,37.56,58.272,9.264000000000003,24.095999999999997,64.17599999999999,58.22399999999999,15.552,14.136000000000001,18.695999999999998,24.143999999999995,27.719999999999995,24.024,55.58399999999999,0.0,15.095999999999997,43.27199999999999,13.175999999999995,42.504,20.063999999999997,45.55199999999999,40.967999999999996,5.2079999999999975,22.127999999999997,20.351999999999997,41.712,32.4,23.232,13.176,33.528,43.199999999999996,37.48799999999999,16.655999999999995,14.999999999999995,27.936,24.144,36.408,11.520000000000003,39.456,35.832,20.376000000000005,8.255999999999998,45.552,23.88,56.78399999999999,33.288,40.272,28.703999999999997,43.608000000000004,38.76,28.704000000000004,39.552,51.81599999999999,25.080000000000002,34.464,43.391999999999996,13.848,58.464,19.944000000000006,10.536000000000005,51.31199999999998,46.511999999999986,20.688000000000002,29.951999999999998,23.928,11.616000000000001,33.74399999999999,36.672,5.495999999999998,24.096,27.479999999999997,36.768,13.655999999999999,32.376,26.28,59.25599999999999,62.51999999999999,26.759999999999994,19.151999999999997,31.031999999999996,23.447999999999997,48.696,27.215999999999994,58.895999999999994,29.975999999999996,38.64,39.84,26.208000000000002,56.592,26.304000000000002,17.136,10.968000000000005,37.536,50.232,35.568000000000005,6.7680000000000025,64.104,17.999999999999996
30.887999999999998,32.855999999999995,38.42399999999999,38.808,43.343999999999994,31.008,64.824,24.36,9.0,49.08,43.12799999999999,14.136000000000001,20.688000000000002,12.143999999999998,39.239999999999995,29.712,39.12,62.135999999999996,15.095999999999997,0.0,49.82399999999999,3.7439999999999967,27.407999999999998,35.16,30.455999999999992,47.52000000000001,10.464,11.303999999999995,13.799999999999997,48.263999999999996,47.495999999999995,38.327999999999996,1.9679999999999964,18.432,49.75200000000001,41.736,7.7040000000000015,12.192,43.032,9.048000000000004,51.504,26.616,32.904,42.38400000000001,26.928000000000004,17.304,39.0,12.0,41.688,18.192,33.72,34.2,50.16,23.663999999999994,35.25600000000001,32.99999999999999,36.72,31.632,49.559999999999995,28.295999999999996,28.943999999999996,43.368,26.496000000000006,17.088000000000005,36.552,31.415999999999997,35.784,45.047999999999995,30.48,26.711999999999996,27.191999999999993,42.263999999999996,12.047999999999998,39.19199999999999,12.384,43.32000000000001,23.712,25.823999999999998,32.832,44.160000000000004,69.072,16.224000000000004,23.784000000000002,24.479999999999997,38.544,42.144,27.144,43.8,36.528,45.192,24.744000000000003,35.304,63.144000000000005,19.752,28.92,26.064,52.632,35.136,42.12000000000001,21.863999999999997,49.008,30.887999999999998
50.087999999999994,57.0,55.99199999999999,15.72,62.544,80.832,15.0,50.712,41.544000000000004,42.74400000000001,38.711999999999996,35.687999999999995,29.135999999999996,61.967999999999996,58.43999999999999,20.112,58.32,15.575999999999995,43.27199999999999,49.82399999999999,0.0,53.568,65.904,54.35999999999999,44.088,19.343999999999998,48.47999999999999,61.12799999999999,63.623999999999995,31.319999999999993,66.696,57.527999999999984,51.791999999999994,46.272,22.007999999999996,8.087999999999997,42.11999999999999,37.632,62.232,42.35999999999999,70.704,45.815999999999995,82.728,8.784,22.895999999999994,36.50399999999999,88.824,61.82399999999999,22.488000000000003,62.016,83.544,15.623999999999995,29.423999999999992,27.599999999999998,15.239999999999995,82.824,21.743999999999996,43.296,68.75999999999999,50.616,48.14399999999999,27.095999999999997,23.903999999999996,36.144,17.016000000000002,45.912,55.08,64.24799999999999,30.76799999999999,45.912,77.01599999999999,7.559999999999996,37.775999999999996,58.391999999999996,53.903999999999996,16.967999999999993,42.912,75.64799999999998,44.59199999999999,24.960000000000004,20.543999999999997,33.599999999999994,26.039999999999992,74.30399999999999,57.74399999999999,91.968,22.679999999999996,24.60000000000001,53.71199999999999,34.535999999999994,42.64799999999999,54.504,13.32,69.576,60.408,45.263999999999996,71.832,29.711999999999996,16.967999999999993,45.47999999999999,29.808000000000007,50.087999999999994
28.967999999999996,30.935999999999996,40.343999999999994,42.55199999999999,41.42399999999999,27.264000000000003,68.568,22.439999999999998,12.023999999999994,51.0,45.04800000000001,17.88,24.432,8.400000000000002,37.31999999999999,33.455999999999996,37.199999999999996,65.87999999999998,13.175999999999995,3.7439999999999967,53.568,0.0,29.328,33.239999999999995,32.376,51.263999999999996,8.543999999999999,8.952000000000004,10.056000000000001,52.008,45.57599999999999,36.407999999999994,1.7760000000000005,20.352,53.495999999999995,45.48,11.447999999999999,15.935999999999996,41.111999999999995,11.208,49.58399999999999,24.695999999999998,29.160000000000004,46.12799999999999,30.672,18.551999999999996,35.256,10.704000000000002,43.608000000000004,20.112000000000002,29.976,37.944,53.903999999999996,25.967999999999996,39.0,29.256,38.64,35.376,47.63999999999999,30.215999999999998,27.023999999999994,45.288000000000004,30.240000000000002,20.832000000000004,40.296,33.336,33.864,43.12799999999999,34.224,24.791999999999994,23.447999999999997,46.008,15.791999999999994,37.272,14.304000000000002,47.064,23.951999999999995,22.080000000000002,36.576,46.080000000000005,72.81599999999999,19.968,27.528,20.736,36.623999999999995,38.4,30.887999999999998,45.72,40.27199999999999,48.936,26.664000000000005,36.504,66.88799999999999,16.008000000000003,27.0,24.144,50.711999999999996,37.056000000000004,45.864,19.943999999999996,50.928000000000004,28.967999999999996
58.29599999999999,60.263999999999996,11.015999999999995,54.88799999999999,70.752,16.416000000000004,80.904,51.768,24.359999999999996,23.159999999999997,27.192,30.215999999999998,36.768,27.504,66.648,45.791999999999994,66.528,78.216,42.504,27.407999999999998,65.904,29.328,0.0,62.568,21.815999999999995,63.599999999999994,37.872,20.376,22.872000000000003,64.34400000000001,74.904,65.736,29.328,19.631999999999998,65.832,57.81599999999999,25.848000000000003,28.272,70.44,23.544,78.912,54.024,17.976000000000003,58.464,43.008,44.712,22.92,18.624000000000002,47.495999999999995,9.216000000000003,36.216,50.28,66.24,38.303999999999995,51.336,34.248,44.16,51.504,76.968,15.287999999999997,56.352,38.80799999999999,42.576,44.35200000000001,52.632,19.991999999999994,63.192,72.456,46.559999999999995,54.12,23.736,58.344,38.976000000000006,66.6,15.024000000000001,59.4,51.120000000000005,21.264000000000003,52.8,42.768,85.15199999999999,32.304,39.864,31.872,65.952,27.072000000000003,43.224,46.727999999999994,61.92,61.272,23.256000000000004,62.712,79.22399999999999,21.336000000000002,56.327999999999996,53.472,80.04,36.192,58.199999999999996,49.272,39.456,58.29599999999999
16.895999999999994,14.832,73.584,70.08,8.184,46.151999999999994,57.168,10.799999999999997,44.16,84.23999999999998,78.28800000000001,35.616,28.727999999999994,35.064,20.112,47.784,12.407999999999994,54.48,20.063999999999997,35.16,54.35999999999999,33.239999999999995,62.568,0.0,65.616,39.864000000000004,24.695999999999998,42.19199999999999,39.696,40.608000000000004,12.335999999999999,12.144,33.24,53.59199999999999,42.096000000000004,57.55199999999999,36.71999999999999,35.064,9.264000000000001,44.208000000000006,16.343999999999998,8.543999999999997,44.59199999999999,45.57599999999999,32.51999999999999,17.856,46.656,43.943999999999996,76.84799999999998,53.352,41.376,48.768,42.504,58.82399999999999,39.12,40.65599999999999,71.88,23.976000000000003,14.399999999999999,63.456,6.215999999999999,78.52799999999999,30.455999999999992,18.215999999999998,71.376,66.576,12.911999999999997,9.888000000000002,23.592000000000002,8.447999999999999,38.832,56.736,23.591999999999995,7.440000000000001,47.544,37.392,12.551999999999998,41.304,25.176000000000002,79.32,61.416,46.82399999999999,39.216,32.136,6.456,49.8,47.279999999999994,78.96000000000001,28.871999999999993,37.536,59.903999999999996,25.104,55.488,41.232,18.24,9.095999999999995,17.472,70.296,37.392,13.295999999999998,84.16799999999999,16.895999999999994
61.343999999999994,63.312,11.904000000000002,33.072,73.8,36.74399999999999,59.088,54.81599999999999,21.455999999999992,18.624,12.672000000000002,29.99999999999999,36.888,30.552,69.696,23.976000000000003,69.57600000000001,56.4,45.55199999999999,30.455999999999992,44.088,32.376,21.815999999999995,65.616,0.0,41.784000000000006,40.919999999999995,23.423999999999996,25.919999999999995,42.57599999999999,77.95200000000001,68.78399999999999,32.376,12.023999999999997,44.016000000000005,36.0,28.895999999999997,30.552,73.48799999999999,21.407999999999994,81.96,57.072,38.64,36.648,33.096000000000004,47.76,44.736,21.671999999999993,25.68,17.927999999999997,39.455999999999996,28.464000000000006,44.424,16.488,29.52000000000001,38.73599999999999,22.344000000000005,54.552,80.016,6.527999999999997,59.4,16.992,35.16,47.4,30.816,1.8239999999999994,66.24,75.504,42.023999999999994,57.168,32.928,36.528000000000006,42.023999999999994,69.648,18.071999999999996,37.58400000000001,54.168,31.559999999999995,55.848,20.952000000000005,63.336,18.791999999999998,26.4,34.919999999999995,69.0,47.879999999999995,21.408000000000005,24.912000000000006,64.968,45.791999999999994,5.7119999999999935,65.75999999999999,57.408,25.487999999999996,59.37599999999999,56.519999999999996,83.08800000000001,14.376000000000005,36.38400000000001,52.31999999999999,18.552000000000007,61.343999999999994
30.743999999999996,54.696000000000005,53.68800000000001,35.064,43.199999999999996,78.52799999999999,17.30399999999999,48.408,39.24,49.22399999999999,43.272,33.384,26.832,59.664,39.096,17.808000000000003,52.272,14.61599999999999,40.967999999999996,47.52000000000001,19.343999999999998,51.263999999999996,63.599999999999994,39.864000000000004,41.784000000000006,0.0,46.176,58.82399999999999,61.32,11.975999999999996,47.352,52.008,49.488,43.967999999999996,2.6639999999999984,22.535999999999998,39.81600000000001,35.328,42.88799999999999,40.056000000000004,51.35999999999999,38.472,80.424,10.559999999999997,20.592,32.712,86.52000000000001,59.52000000000001,41.832,59.712,81.24,13.752,10.079999999999998,25.296000000000006,12.263999999999998,80.52000000000001,36.864,23.952,49.416,48.312000000000005,35.61600000000001,43.51199999999999,21.023999999999997,30.432,36.36,43.608000000000004,52.776,44.904,17.040000000000003,41.016000000000005,74.71199999999999,21.720000000000002,35.47200000000001,39.047999999999995,51.599999999999994,4.2,27.312000000000005,73.34400000000001,25.247999999999998,44.304,21.551999999999992,31.296,23.736,72.0,46.32000000000001,89.664,20.376000000000005,43.944,34.367999999999995,15.192,40.343999999999994,35.16,15.623999999999995,67.272,58.104,40.656,52.488,35.28000000000001,5.3999999999999995,43.176,49.15200000000001,30.743999999999996
23.207999999999995,22.391999999999996,48.88799999999999,45.38399999999999,32.879999999999995,32.352,63.47999999999999,13.895999999999999,19.464,59.544,53.59199999999999,12.791999999999998,19.343999999999998,13.488000000000001,28.775999999999996,28.367999999999995,28.656000000000002,60.791999999999994,5.2079999999999975,10.464,48.47999999999999,8.543999999999999,37.872,24.695999999999998,40.919999999999995,46.176,0.0,17.496000000000002,15.144,46.919999999999995,37.032,27.863999999999997,8.544000000000002,28.895999999999997,48.408,40.391999999999996,12.023999999999997,10.847999999999997,32.568,19.512000000000004,41.03999999999999,16.152,34.248000000000005,41.04,25.584,13.463999999999995,40.344,19.247999999999998,52.152,28.656000000000002,35.064,32.855999999999995,48.81599999999999,34.12799999999999,33.912,34.344,47.18399999999999,30.288,39.096,38.76,18.479999999999997,53.831999999999994,25.152,15.744000000000003,46.68,41.879999999999995,25.32,34.583999999999996,29.136,16.247999999999998,28.536,40.919999999999995,10.703999999999995,28.727999999999994,22.848,41.976000000000006,18.863999999999997,27.168,31.488,54.624,67.728,22.127999999999997,22.44,25.824,28.08,43.488,25.799999999999994,54.263999999999996,35.18399999999999,43.848000000000006,35.208000000000006,31.415999999999997,61.8,21.096,18.456,15.600000000000001,42.168,45.6,40.776,11.4,59.472,23.207999999999995
37.919999999999995,39.88799999999999,31.391999999999996,50.111999999999995,50.37599999999999,19.704,76.128,31.392000000000003,19.583999999999993,42.04799999999999,36.096,25.439999999999994,31.991999999999994,7.128000000000001,46.27199999999999,41.016,46.152,73.43999999999998,22.127999999999997,11.303999999999995,61.12799999999999,8.952000000000004,20.376,42.19199999999999,23.423999999999996,58.82399999999999,17.496000000000002,0.0,2.496000000000002,59.568,54.52799999999999,45.35999999999999,9.335999999999999,14.855999999999996,61.05599999999999,53.03999999999999,19.007999999999996,23.496,50.06399999999999,18.767999999999997,58.536,33.647999999999996,21.599999999999998,53.68799999999999,38.232,26.11199999999999,27.696,1.751999999999999,42.71999999999999,11.159999999999997,22.416,45.504,61.464,33.528,46.559999999999995,21.696,39.384,42.936,56.59199999999999,21.264,35.97599999999999,36.336,37.8,28.392,47.855999999999995,24.383999999999993,42.815999999999995,52.08,41.78399999999999,33.74399999999999,15.888000000000002,53.568,23.351999999999993,46.224,7.223999999999997,54.623999999999995,31.511999999999993,14.520000000000001,44.136,37.992,80.37599999999999,27.527999999999995,35.088,13.176000000000002,45.57599999999999,30.840000000000003,38.448,41.95199999999999,47.83199999999999,56.495999999999995,18.48,44.064,74.448,8.448000000000002,35.952,33.096000000000004,59.663999999999994,31.415999999999997,53.42399999999999,28.896000000000004,41.976000000000006,37.919999999999995
38.35199999999999,37.391999999999996,33.888,52.60799999999999,47.879999999999995,17.208,78.624,28.896,22.08,44.544,38.592000000000006,27.936,34.488,4.631999999999999,43.775999999999996,43.51199999999999,43.656,75.93599999999999,20.351999999999997,13.799999999999997,63.623999999999995,10.056000000000001,22.872000000000003,39.696,25.919999999999995,61.32,15.144,2.496000000000002,0.0,62.06399999999999,52.032,42.864,11.832,17.351999999999997,63.552,55.536,21.504,25.991999999999994,47.568,21.264,56.03999999999999,31.152,19.104,56.184,40.727999999999994,28.607999999999993,25.2,4.248000000000001,45.216,13.655999999999999,19.92,48.0,63.959999999999994,36.023999999999994,49.056,19.2,41.879999999999995,45.431999999999995,54.096,23.76,33.48,38.832,40.296,30.888,50.352,26.879999999999995,40.32,49.583999999999996,44.279999999999994,31.247999999999998,13.392,56.06399999999999,25.847999999999992,43.727999999999994,9.719999999999999,57.12,34.007999999999996,12.024,46.632,40.488,82.872,30.024,37.583999999999996,10.68,43.07999999999999,28.343999999999994,40.943999999999996,44.44800000000001,50.327999999999996,58.99199999999999,20.976000000000003,46.559999999999995,76.944,5.952000000000001,33.455999999999996,30.599999999999998,57.168,33.912,55.92,26.4,44.472,38.35199999999999
