0.0,70.584,62.376000000000005,89.30399999999999,69.768,72.456,13.871999999999998,27.144,54.023999999999994,55.8,90.264,19.776,6.672000000000002,30.527999999999995,17.135999999999996,7.775999999999996,62.928,69.384,17.736,24.936,56.42399999999999,22.968,75.456,25.272,34.176,49.583999999999996,70.91999999999999,64.44,52.27199999999999,46.080000000000005,31.752,81.336,93.11999999999999,56.688,36.528,16.607999999999993,89.52,44.304,65.28,68.976,41.52,62.568,32.760000000000005,64.872,26.687999999999995,30.504,42.48,81.768,60.791999999999994,28.176000000000002,71.736,64.08,66.0,86.39999999999999,25.968,78.38399999999999,50.855999999999995,17.663999999999994,14.567999999999998,48.72,61.848,77.39999999999999,37.92,28.2,46.608000000000004,48.168,61.152,51.815999999999995,24.887999999999998,83.88000000000001,10.680000000000001,12.719999999999997,49.032,54.431999999999995,41.376000000000005,77.52,25.799999999999997,71.28,43.536,48.84,54.983999999999995,48.048,48.384,35.256,21.095999999999997,86.75999999999999,46.51200000000001,30.504,31.344,19.128000000000004,55.31999999999999,39.696,17.808,25.439999999999998,22.008,73.752,88.24799999999999,63.71999999999999,76.48799999999999,42.0,52.10399999999999,0.0
70.584,0.0,8.208,18.719999999999995,60.431999999999995,5.231999999999999,60.35999999999999,43.440000000000005,52.848,14.783999999999999,33.504,50.80799999999999,72.744,49.848,66.93599999999999,78.36,58.391999999999996,10.655999999999993,52.848,45.647999999999996,18.624,47.616,40.104,45.312000000000005,36.407999999999994,21.0,17.808,9.984,70.824,35.976,46.368,44.544,22.536,13.895999999999997,55.08,53.976,24.216,26.28,61.608000000000004,6.503999999999998,57.28799999999999,21.311999999999998,37.82399999999999,5.711999999999997,59.928,40.08,28.104,11.184,51.072,42.407999999999994,52.65599999999999,18.215999999999998,4.5840000000000005,35.928,44.616,7.8,22.416,69.864,73.056,49.032,22.608000000000004,6.815999999999995,46.68000000000001,43.632,65.16,66.71999999999998,26.567999999999998,33.216,52.75199999999999,48.623999999999995,64.32,57.864000000000004,21.552,16.152,59.928,20.423999999999996,44.784,45.24,32.13599999999999,30.288,24.287999999999993,26.04,22.2,53.808,49.488,39.312,24.071999999999996,40.08,39.24,51.45599999999999,15.264000000000003,58.248,52.776,45.144,48.576,44.736,17.664,65.616,56.111999999999995,60.55199999999999,56.831999999999994,70.584
62.376000000000005,8.208,0.0,26.927999999999997,62.976,10.080000000000002,52.15199999999999,40.464,55.392,6.5760000000000005,36.047999999999995,42.6,64.536,51.623999999999995,58.727999999999994,70.15199999999999,60.936,13.199999999999996,44.64,37.44,21.168,39.408,42.647999999999996,37.104,28.199999999999996,14.424,20.352,7.439999999999999,73.368,38.52,48.912000000000006,47.087999999999994,30.743999999999996,12.599999999999994,57.623999999999995,45.768,27.143999999999995,21.816,64.152,6.6,59.831999999999994,23.855999999999998,29.615999999999993,2.496000000000002,51.72,31.871999999999996,19.896,19.392,53.616,34.199999999999996,55.199999999999996,15.671999999999997,5.592,38.472,36.408,16.008,19.871999999999996,61.656000000000006,64.848,51.576,20.064000000000004,15.023999999999994,49.22399999999999,46.176,67.704,69.264,29.112000000000002,35.76,44.544,51.168,56.11199999999999,49.656000000000006,13.344000000000001,7.944000000000001,62.472,22.967999999999996,41.232,47.784,23.927999999999994,27.744,21.743999999999993,28.584,13.991999999999999,56.352000000000004,41.28000000000001,41.856,20.711999999999996,31.871999999999996,33.864,43.24799999999999,9.120000000000001,60.791999999999994,44.568,36.93599999999999,41.904,47.279999999999994,25.872,68.16,58.65599999999999,63.096,59.376000000000005,62.376000000000005
89.30399999999999,18.719999999999995,26.927999999999997,0.0,45.936,16.847999999999995,79.07999999999998,62.16,38.352,33.504,19.007999999999996,69.52799999999999,91.464,68.568,85.65599999999999,97.07999999999998,43.895999999999994,19.919999999999998,71.568,64.368,32.879999999999995,66.336,25.607999999999993,64.032,55.12799999999999,39.71999999999999,18.384,24.863999999999994,56.327999999999996,43.224,57.55199999999999,30.047999999999995,3.8160000000000016,32.61599999999999,68.808,72.696,9.72,45.0,47.111999999999995,21.0,47.78399999999999,26.735999999999997,56.54399999999998,24.431999999999995,78.64799999999998,58.8,46.82399999999999,7.535999999999997,36.57599999999999,61.12799999999999,38.16,32.712,23.304,21.432,63.336,21.528000000000002,38.44800000000001,88.584,91.776,40.58399999999999,37.104000000000006,11.904000000000002,51.383999999999986,61.10399999999999,50.663999999999994,52.75199999999999,28.151999999999994,37.488,71.47199999999998,34.12799999999999,83.03999999999998,76.58399999999999,40.272,34.872,53.4,11.783999999999995,63.504,30.743999999999996,50.855999999999995,44.784000000000006,38.78399999999999,41.25599999999999,40.919999999999995,63.023999999999994,68.208,24.816,42.791999999999994,58.8,57.959999999999994,70.17599999999999,33.984,58.104,71.496,63.864,67.29599999999999,30.239999999999995,6.672000000000004,51.11999999999999,41.61599999999999,59.495999999999995,42.336,89.30399999999999
69.768,60.431999999999995,62.976,45.936,0.0,55.199999999999996,59.544,42.623999999999995,15.744,62.975999999999985,26.928,49.99199999999999,71.928,49.032,66.11999999999999,77.54399999999998,6.839999999999999,49.776,54.575999999999986,61.15199999999999,41.808,46.8,20.327999999999996,46.992,45.38399999999999,77.39999999999999,42.623999999999995,70.416,28.488,24.455999999999996,38.016,15.888000000000002,46.727999999999994,50.376000000000005,49.272,53.16,36.215999999999994,41.16,4.487999999999999,66.93599999999999,28.247999999999998,39.12,67.63199999999999,60.96,59.112,48.81599999999999,71.496,50.160000000000004,9.360000000000001,63.81599999999999,7.775999999999998,78.64799999999998,57.384,24.503999999999998,43.8,67.464,82.84799999999998,69.048,72.24,21.048,83.04,55.008,31.848,41.568,27.095999999999997,33.216,33.864,27.215999999999998,66.76799999999999,14.112000000000002,63.50399999999999,57.047999999999995,67.87199999999999,69.91199999999999,33.864,40.008,43.967999999999996,15.192,85.41599999999998,90.71999999999998,84.71999999999998,34.391999999999996,58.05599999999999,43.48799999999999,53.95199999999999,21.119999999999997,42.263999999999996,63.743999999999986,38.42399999999999,52.464,53.855999999999995,38.568,51.959999999999994,44.327999999999996,47.76,15.696,52.608000000000004,6.047999999999998,6.7200000000000015,39.959999999999994,17.664,69.768
72.456,5.231999999999999,10.080000000000002,16.847999999999995,55.199999999999996,0.0,62.232,45.312000000000005,47.616,16.656000000000002,28.272,52.68000000000001,74.616,51.72,68.808,80.232,53.16,5.423999999999995,54.72,47.52,16.032000000000004,49.488,34.872,47.184000000000005,38.279999999999994,22.872000000000003,12.576,15.216,65.592,30.744,41.136,39.312,20.663999999999998,15.768,51.96,55.848000000000006,18.984000000000005,28.152000000000005,56.376000000000005,11.735999999999997,52.05599999999999,16.08,39.696,7.584,61.8,41.952,29.976000000000003,9.311999999999998,45.84,44.279999999999994,47.42399999999999,23.447999999999997,6.456000000000003,30.696,46.488,12.263999999999998,27.647999999999996,71.736,74.928,43.8,27.840000000000003,4.943999999999993,41.448,44.25599999999999,59.928,61.48799999999999,21.336000000000002,27.983999999999998,54.623999999999995,43.391999999999996,66.192,59.736,23.424000000000003,18.024000000000004,54.696,15.191999999999995,46.656,40.008,34.007999999999996,35.52,29.519999999999992,24.407999999999998,24.072000000000003,48.576,51.36,34.08,25.944,41.952,41.112,53.327999999999996,17.136000000000006,53.016,54.648,47.016,50.44800000000001,39.504,15.791999999999998,60.384,50.879999999999995,55.31999999999999,51.599999999999994,72.456
13.871999999999998,60.35999999999999,52.15199999999999,79.07999999999998,59.544,62.232,0.0,16.92,43.8,45.57599999999999,80.03999999999998,9.552,12.383999999999995,16.656,6.576000000000002,17.999999999999996,52.704,59.16,26.567999999999994,33.144,46.199999999999996,12.744,65.232,18.983999999999998,23.952000000000005,49.391999999999996,60.696,54.215999999999994,38.39999999999999,35.856,21.528000000000002,71.11200000000001,82.896,46.464,22.656,21.264000000000003,79.29599999999999,34.08,55.056,58.75199999999999,31.295999999999996,52.344,39.623999999999995,54.647999999999996,12.815999999999999,20.808,43.48799999999999,71.544,50.568,35.808,61.512,53.856,55.775999999999996,76.176,15.744,68.16,54.83999999999999,9.504000000000003,12.696,38.495999999999995,55.032,67.17599999999999,27.696,17.976,32.736,34.296,50.928,41.59199999999999,38.76,73.65599999999999,3.9599999999999964,4.944000000000004,39.86399999999999,44.20799999999999,27.504,67.29599999999999,15.576,61.056,57.407999999999994,62.711999999999996,56.71199999999999,37.824000000000005,38.16,21.384,25.944,76.536,36.288000000000004,35.736,21.12,24.455999999999996,45.096,25.823999999999998,10.415999999999999,15.216,11.784,63.52799999999999,78.02399999999999,53.495999999999995,66.264,28.127999999999997,41.879999999999995,13.871999999999998
27.144,43.440000000000005,40.464,62.16,42.623999999999995,45.312000000000005,16.92,0.0,26.879999999999995,40.464,63.12,7.368,29.303999999999995,11.16,23.496000000000006,34.919999999999995,35.784,42.24,32.06399999999999,38.64,29.279999999999998,4.176,48.312,24.479999999999997,22.871999999999996,54.88799999999999,43.775999999999996,47.904,32.904,18.936,8.448000000000002,54.19199999999999,65.976,29.544,17.16,26.759999999999998,62.37599999999999,18.648,38.136,44.42399999999999,19.368,35.424,45.11999999999999,38.44800000000001,16.488000000000003,26.303999999999995,48.98399999999999,54.623999999999995,33.647999999999996,41.304,44.59199999999999,56.135999999999996,38.855999999999995,59.25599999999999,12.503999999999998,51.24,60.336,26.424000000000003,29.616,21.576,60.52799999999999,50.25599999999999,10.776,5.7120000000000015,27.240000000000002,28.799999999999997,34.007999999999996,24.671999999999997,44.25599999999999,56.736,20.88,14.424000000000003,45.35999999999999,47.4,22.008,50.376000000000005,1.343999999999999,44.136,62.903999999999996,68.208,62.207999999999984,20.904,35.54399999999999,15.888000000000002,31.439999999999998,59.616,19.752,41.232,6.6,29.951999999999995,31.343999999999994,20.328,15.911999999999997,8.375999999999998,5.136,46.608,61.104,36.576,49.344,22.631999999999998,24.96,27.144
54.023999999999994,52.848,55.392,38.352,15.744,47.616,43.8,26.879999999999995,0.0,55.391999999999996,36.24,34.248,56.18399999999999,33.288,50.376000000000005,61.79999999999999,8.904,42.192,46.992,53.568,34.224,31.055999999999994,21.432,39.407999999999994,37.8,69.816,35.04,62.831999999999994,17.976,16.871999999999996,22.272,27.312,39.144000000000005,42.792,33.528,41.688,35.495999999999995,33.57599999999999,11.256,59.352,12.503999999999998,31.536,60.047999999999995,53.376000000000005,43.368,41.232,63.91199999999999,42.576,6.768000000000001,56.232,17.712,71.064,49.8,32.376,28.055999999999994,59.879999999999995,75.264,53.304,56.495999999999995,5.303999999999998,75.456,47.424,16.103999999999996,25.823999999999998,12.312,17.471999999999998,26.279999999999998,19.631999999999998,59.18399999999999,29.856,47.76,41.304,60.28799999999999,62.327999999999996,18.119999999999997,32.424,28.223999999999993,17.256000000000004,77.832,83.136,77.136,26.808,50.471999999999994,27.743999999999996,46.368,32.736,34.68,56.16,22.679999999999996,44.879999999999995,46.272,22.823999999999998,36.216,28.583999999999996,32.016,19.727999999999998,45.024,12.767999999999997,22.464000000000002,24.215999999999998,3.983999999999998,54.023999999999994
55.8,14.783999999999999,6.5760000000000005,33.504,62.975999999999985,16.656000000000002,45.57599999999999,40.464,55.391999999999996,0.0,36.047999999999995,36.983999999999995,57.959999999999994,51.623999999999995,52.152,63.57599999999999,60.936,13.584,38.064,30.863999999999997,21.167999999999996,37.48799999999999,42.64799999999999,30.528,21.623999999999995,14.424000000000003,20.351999999999997,8.640000000000002,73.368,38.51999999999999,48.91199999999999,47.087999999999994,37.32,12.59999999999999,57.623999999999995,39.192,33.72,21.815999999999995,64.15199999999999,13.176,59.83199999999999,23.855999999999995,23.039999999999996,9.072000000000003,47.78399999999999,25.295999999999996,13.32,25.968,53.615999999999985,27.623999999999995,55.199999999999996,15.672000000000002,10.2,38.472,29.831999999999997,22.584,19.872000000000003,55.080000000000005,58.272,51.57599999999999,20.064000000000007,21.599999999999994,49.22399999999999,46.175999999999995,67.704,69.26399999999998,29.111999999999995,35.76,37.967999999999996,51.16799999999999,49.53599999999999,43.080000000000005,6.768000000000001,6.936000000000001,62.472,22.967999999999993,41.232,47.78399999999999,22.44,27.744000000000003,21.743999999999996,28.583999999999996,7.4159999999999995,56.352,34.704,41.855999999999995,20.711999999999993,25.295999999999996,33.86399999999999,36.67199999999999,9.119999999999997,60.791999999999994,37.992,32.087999999999994,41.904,47.279999999999994,32.448,68.16,58.65599999999999,63.096,59.37599999999998,55.8
90.264,33.504,36.047999999999995,19.007999999999996,26.928,28.272,80.03999999999998,63.12,36.24,36.047999999999995,0.0,70.488,92.42399999999999,69.52799999999999,86.616,98.03999999999998,27.336,22.848000000000003,72.52799999999999,65.32799999999999,33.84,67.29599999999999,14.808000000000002,64.99199999999999,56.087999999999994,50.471999999999994,19.344000000000005,43.48799999999999,48.983999999999995,44.184,58.512,11.040000000000001,19.799999999999994,33.576,69.768,73.656,9.287999999999993,45.96,28.104,40.007999999999996,48.74399999999999,27.696,57.50399999999999,34.032000000000004,79.608,59.75999999999999,47.784,23.232000000000003,29.472,62.087999999999994,19.152,51.71999999999999,30.455999999999996,3.8640000000000048,64.29599999999999,40.536,55.91999999999999,89.544,92.736,41.544000000000004,56.111999999999995,28.08,52.344,62.06399999999999,47.592000000000006,53.711999999999996,29.112000000000002,38.44800000000001,72.432,15.120000000000001,84.0,77.544,41.232,42.98399999999999,54.36,13.080000000000002,64.464,18.983999999999998,58.48799999999999,63.791999999999994,57.79199999999999,42.216,41.88,63.98400000000001,69.16799999999999,5.8080000000000025,43.752,59.75999999999999,58.92,71.136,34.944,59.06399999999999,72.45599999999999,64.824,68.256,16.512,25.679999999999996,32.112,22.608,60.456,38.16,90.264
19.776,50.80799999999999,42.6,69.52799999999999,49.99199999999999,52.68000000000001,9.552,7.368,34.248,36.983999999999995,70.488,0.0,21.935999999999996,14.639999999999999,16.128000000000004,27.551999999999996,43.152,49.608000000000004,28.583999999999996,35.16,36.647999999999996,3.192,55.67999999999999,21.0,19.392,51.408,51.14399999999999,44.66400000000001,36.38399999999999,26.304000000000002,11.976,61.559999999999995,73.34400000000001,36.912,20.639999999999997,23.28,69.74399999999999,24.527999999999995,45.504,49.199999999999996,22.848,42.791999999999994,41.64,45.096,10.799999999999999,22.823999999999998,45.504,61.992000000000004,41.016,37.824,51.959999999999994,52.656,46.224000000000004,66.624,9.024,58.608000000000004,56.856,19.056,22.247999999999998,28.944,57.047999999999995,57.623999999999995,18.144000000000002,9.192,30.72,32.279999999999994,41.376000000000005,32.04,40.775999999999996,64.104,13.511999999999997,7.056000000000003,41.87999999999999,43.919999999999995,25.487999999999996,57.744,6.024000000000001,51.504,59.424,64.72800000000001,58.727999999999994,28.272000000000002,32.06399999999999,19.368,27.96,66.984,26.736,37.751999999999995,11.568,26.471999999999998,35.544,23.808,12.431999999999999,5.664000000000001,4.920000000000001,53.976,68.472,43.944,56.711999999999996,26.111999999999995,32.327999999999996,19.776
6.672000000000002,72.744,64.536,91.464,71.928,74.616,12.383999999999995,29.303999999999995,56.18399999999999,57.959999999999994,92.42399999999999,21.935999999999996,0.0,23.855999999999995,10.463999999999992,5.616,65.088,71.544,19.895999999999997,27.095999999999997,58.58399999999999,25.127999999999997,77.616,27.431999999999995,36.336,51.74399999999999,73.07999999999998,66.6,45.59999999999999,48.24,33.912,83.496,95.28,58.848,29.855999999999995,18.76799999999999,91.67999999999999,46.464,67.44,71.136,43.68,64.728,34.92,67.032,20.015999999999995,32.663999999999994,44.63999999999999,83.928,62.952,30.336,73.896,66.24,68.16,88.55999999999999,28.127999999999997,80.544,53.01599999999999,10.991999999999992,7.8959999999999955,50.879999999999995,64.008,79.55999999999999,40.08,30.359999999999996,44.83199999999999,41.495999999999995,63.312,53.97599999999999,31.56,86.03999999999998,8.424,14.879999999999994,51.19199999999999,56.59199999999999,38.064,79.68,27.959999999999994,73.44,50.208,55.512,57.14399999999999,50.208,50.544,28.583999999999996,23.255999999999993,88.91999999999999,48.672,32.663999999999994,33.504,21.288,57.47999999999999,33.35999999999999,19.967999999999996,27.599999999999994,24.167999999999996,75.91199999999999,90.408,65.87999999999998,78.64799999999998,35.32799999999999,54.263999999999996,6.672000000000002
30.527999999999995,49.848,51.623999999999995,68.568,49.032,51.72,16.656,11.16,33.288,51.623999999999995,69.52799999999999,14.639999999999999,23.855999999999995,0.0,17.088,28.511999999999997,42.19199999999999,48.647999999999996,43.224,49.8,35.687999999999995,14.136000000000001,54.71999999999999,35.64,34.032,66.048,50.18399999999999,59.06399999999999,21.743999999999996,25.344,11.016,60.599999999999994,72.384,39.024,5.999999999999997,37.92,68.78399999999999,29.808,44.544000000000004,55.58399999999999,20.784,41.832,56.279999999999994,49.608000000000004,10.08,37.464,60.14399999999999,61.032,40.05599999999999,52.464,51.0,67.29599999999999,46.032,65.664,23.663999999999998,57.647999999999996,71.496,20.016000000000002,23.208,27.983999999999998,71.688,56.663999999999994,17.184,7.463999999999999,21.936,17.639999999999997,40.416,31.08,55.41599999999999,63.144000000000005,19.847999999999995,21.600000000000005,56.51999999999999,58.559999999999995,15.168,56.784,10.391999999999998,50.544000000000004,74.064,79.368,73.368,27.312,46.70399999999999,5.544000000000001,42.6,66.02399999999999,30.912,52.391999999999996,17.76,41.111999999999995,42.504,10.463999999999999,27.071999999999996,19.536,9.719999999999999,53.016,67.512,42.984,55.751999999999995,11.471999999999998,31.367999999999995,30.527999999999995
17.135999999999996,66.93599999999999,58.727999999999994,85.65599999999999,66.11999999999999,68.808,6.576000000000002,23.496000000000006,50.376000000000005,52.152,86.616,16.128000000000004,10.463999999999992,17.088,0.0,14.015999999999993,59.28,65.736,29.83199999999999,36.407999999999994,52.776,19.32,71.808,22.247999999999994,30.528000000000006,52.65599999999999,67.272,60.792,37.632,42.431999999999995,28.104,77.688,89.472,53.04,19.392,24.527999999999995,85.872,40.65599999999999,61.632000000000005,65.32799999999999,37.872,58.92,42.88799999999999,61.224000000000004,9.552000000000003,26.856,46.75199999999999,78.11999999999999,57.144000000000005,39.071999999999996,68.088,60.432,62.352,82.75200000000001,22.32,74.736,58.10399999999999,2.9280000000000004,6.119999999999997,45.072,58.29599999999999,73.752,34.272,24.552,39.024,32.904,57.504,48.168,42.023999999999994,80.232,6.455999999999992,9.072000000000001,45.384,50.784,32.256,73.872,22.152000000000005,67.63199999999999,60.67199999999999,65.976,59.975999999999985,44.4,44.736,22.632,29.207999999999995,83.11199999999998,42.864,38.99999999999999,27.696000000000005,27.71999999999999,51.672,27.552,14.160000000000002,21.792000000000005,18.360000000000003,70.104,84.6,60.072,72.84,26.16,48.456,17.135999999999996
7.775999999999996,78.36,70.15199999999999,97.07999999999998,77.54399999999998,80.232,17.999999999999996,34.919999999999995,61.79999999999999,63.57599999999999,98.03999999999998,27.551999999999996,5.616,28.511999999999997,14.015999999999993,0.0,70.704,77.16,25.511999999999997,32.711999999999996,64.2,30.743999999999996,83.232,33.047999999999995,41.952,57.35999999999999,78.696,72.216,49.15199999999999,53.855999999999995,39.528,89.11199999999998,100.89599999999999,64.464,33.407999999999994,24.38399999999999,97.29599999999998,52.079999999999984,73.056,76.752,49.29599999999999,70.344,40.536,72.648,23.567999999999994,38.279999999999994,50.25599999999999,89.544,68.56799999999998,35.952,79.51199999999999,71.856,73.776,94.17599999999999,33.74399999999999,86.16,58.63199999999999,14.543999999999992,11.447999999999997,56.495999999999995,69.624,85.17599999999999,45.696,35.97599999999999,50.44799999999999,45.04799999999999,68.928,59.59199999999999,28.008,91.65599999999999,14.04,20.49599999999999,56.80799999999999,62.20799999999999,43.68,85.29599999999999,33.57599999999999,79.056,46.656,52.92,62.75999999999999,55.82399999999999,56.16,34.056,28.871999999999993,94.536,54.28799999999999,38.279999999999994,39.11999999999999,26.904,63.096,38.97599999999999,25.583999999999996,33.216,29.783999999999995,81.52799999999999,96.02399999999999,71.496,84.264,38.879999999999995,59.87999999999999,7.775999999999996
62.928,58.391999999999996,60.936,43.895999999999994,6.839999999999999,53.16,52.704,35.784,8.904,60.936,27.336,43.152,65.088,42.19199999999999,59.28,70.704,0.0,47.736,52.536,59.112,39.768,39.959999999999994,18.288,44.952,43.344,75.36,40.583999999999996,68.376,21.648,22.416,31.176,18.408,44.688,48.336,42.431999999999995,47.232,34.175999999999995,39.12,3.215999999999999,64.896,21.407999999999994,37.08,65.592,58.92000000000001,52.272,46.776,69.45599999999999,48.120000000000005,7.32,61.776,8.807999999999998,76.608,55.344,23.471999999999994,36.96,65.424,80.808,62.208,65.39999999999999,14.207999999999998,81.0,52.967999999999996,25.008,34.728,20.255999999999997,26.375999999999998,31.823999999999998,25.176,64.728,20.952,56.663999999999994,50.208,65.832,67.872,27.023999999999997,37.968,37.12799999999999,13.152000000000001,83.376,88.68,82.67999999999999,32.352,56.01599999999999,36.647999999999996,51.912000000000006,23.831999999999997,40.224000000000004,61.704,31.584,50.42399999999999,51.815999999999995,31.728,45.12,37.488,40.92,13.655999999999999,50.568,7.223999999999999,13.56,33.12,10.824,62.928
69.384,10.655999999999993,13.199999999999996,19.919999999999998,49.776,5.423999999999995,59.16,42.24,42.192,13.584,22.848000000000003,49.608000000000004,71.544,48.647999999999996,65.736,77.16,47.736,0.0,51.647999999999996,44.448,12.96,46.416,29.448,44.112,35.20799999999999,27.623999999999995,7.152000000000005,20.639999999999993,60.168,25.320000000000004,37.632,33.888,23.736,12.695999999999998,48.888,52.776,20.135999999999996,25.080000000000002,50.952000000000005,17.159999999999993,46.632,10.656000000000002,36.623999999999995,11.184,58.727999999999994,38.879999999999995,26.904,12.384,40.416000000000004,41.20799999999999,42.0,28.871999999999993,7.607999999999995,25.272000000000006,43.416,17.68799999999999,33.071999999999996,68.664,71.856,38.376000000000005,33.263999999999996,8.015999999999995,36.024,41.184,54.504,56.06399999999999,15.912000000000006,22.560000000000006,51.55199999999999,37.968,63.11999999999999,56.663999999999994,20.352,20.135999999999992,49.272,9.768,43.583999999999996,34.584,35.63999999999999,40.943999999999996,34.94399999999999,21.335999999999995,21.0,43.15200000000001,48.288,28.656000000000002,22.871999999999996,38.879999999999995,38.04,50.25599999999999,14.064000000000002,47.592000000000006,51.576,43.943999999999996,47.376000000000005,34.080000000000005,18.864,54.96,45.456,49.895999999999994,46.176,69.384
17.736,52.848,44.64,71.568,54.575999999999986,54.72,26.567999999999994,32.06399999999999,46.992,38.064,72.52799999999999,28.583999999999996,19.895999999999997,43.224,29.83199999999999,25.511999999999997,52.536,51.647999999999996,0.0,7.199999999999999,38.687999999999995,29.087999999999994,57.72,7.583999999999996,16.44,31.848,53.18399999999999,46.704,64.96799999999999,30.119999999999997,40.51199999999999,63.599999999999994,75.384,38.952,49.22399999999999,5.303999999999993,71.78399999999999,26.567999999999994,55.75199999999999,51.24,51.43199999999999,44.832,15.024000000000003,47.136,39.38399999999999,12.768,24.743999999999996,64.032,45.216,10.440000000000003,54.0,46.344,48.263999999999996,68.664,19.559999999999995,60.647999999999996,33.11999999999999,30.359999999999992,27.263999999999992,43.175999999999995,44.111999999999995,59.663999999999994,40.82399999999999,37.775999999999996,59.30399999999999,60.864,43.416,34.08,12.192,66.14399999999999,23.376,21.62399999999999,31.295999999999996,36.696,54.07199999999999,59.784,32.832,53.544000000000004,30.840000000000003,36.144000000000005,37.248,30.312,30.647999999999996,47.95199999999999,3.3599999999999963,69.02399999999999,28.776,12.768,25.46399999999999,2.1119999999999974,37.583999999999996,52.391999999999996,16.151999999999997,23.68799999999999,33.504,56.016,70.512,59.75999999999999,58.75199999999999,54.696,50.975999999999985,17.736
24.936,45.647999999999996,37.44,64.368,61.15199999999999,47.52,33.144,38.64,53.568,30.863999999999997,65.32799999999999,35.16,27.095999999999997,49.8,36.407999999999994,32.711999999999996,59.112,44.448,7.199999999999999,0.0,31.487999999999996,35.663999999999994,50.519999999999996,14.16,15.768,24.647999999999996,45.98399999999999,39.504,71.544,36.696,47.088,56.4,68.184,31.752,55.8,11.879999999999997,64.58399999999999,19.992,62.327999999999996,44.04,58.007999999999996,37.632,7.824000000000003,39.936,45.959999999999994,12.336,17.543999999999997,56.831999999999994,51.791999999999994,3.2400000000000033,53.376000000000005,39.144000000000005,41.064,61.464,26.136,53.44799999999999,25.91999999999999,36.93599999999999,33.839999999999996,49.751999999999995,36.912,52.464,47.4,44.352,65.88000000000001,67.44,36.216,33.936,7.103999999999997,58.943999999999996,29.952000000000005,28.199999999999996,24.095999999999997,29.495999999999995,60.647999999999996,52.583999999999996,39.408,46.344,24.263999999999996,29.567999999999998,30.048,26.759999999999998,23.447999999999997,54.52799999999999,7.199999999999999,61.82399999999999,21.576,5.5680000000000005,32.04,8.688000000000002,30.383999999999993,58.967999999999996,22.728,30.263999999999996,40.080000000000005,48.815999999999995,63.312,66.336,56.831999999999994,61.272,57.55199999999999,24.936
56.42399999999999,18.624,21.168,32.879999999999995,41.808,16.032000000000004,46.199999999999996,29.279999999999998,34.224,21.167999999999996,33.84,36.647999999999996,58.58399999999999,35.687999999999995,52.776,64.2,39.768,12.96,38.687999999999995,31.487999999999996,0.0,33.455999999999996,21.479999999999997,31.152,22.247999999999994,35.592,14.495999999999997,28.607999999999997,52.199999999999996,17.352,27.744,25.919999999999995,36.696,8.568000000000005,36.455999999999996,39.81600000000001,33.096,12.120000000000001,42.984,25.127999999999997,38.663999999999994,6.144000000000001,25.823999999999998,19.152000000000005,45.768,25.919999999999995,29.687999999999995,25.344,32.448,28.247999999999994,34.032,36.839999999999996,15.576,29.975999999999996,30.455999999999996,25.656,41.04,55.704,58.895999999999994,30.407999999999998,41.232,20.975999999999996,28.055999999999997,28.223999999999997,46.536,48.096,7.944000000000001,14.591999999999999,38.59199999999999,30.0,50.16,43.704,26.063999999999993,28.103999999999996,41.304,21.096,30.623999999999995,26.616,43.608000000000004,48.912000000000006,42.911999999999985,8.375999999999996,16.247999999999994,35.184,35.328,30.335999999999995,9.911999999999997,25.919999999999995,25.08,37.29599999999999,12.047999999999998,39.623999999999995,38.616,30.983999999999998,34.416,26.112000000000002,31.824,46.992,37.488,41.928,38.20799999999999,56.42399999999999
22.968,47.616,39.408,66.336,46.8,49.488,12.744,4.176,31.055999999999994,37.48799999999999,67.29599999999999,3.192,25.127999999999997,14.136000000000001,19.32,30.743999999999996,39.959999999999994,46.416,29.087999999999994,35.663999999999994,33.455999999999996,0.0,52.48799999999999,21.503999999999998,19.895999999999997,51.91199999999999,47.95199999999999,44.928,35.879999999999995,23.112000000000002,11.424000000000003,58.367999999999995,70.152,33.72,20.136,23.784,66.55199999999999,21.335999999999995,42.312000000000005,46.008,22.343999999999998,39.6,42.144,41.904,12.312000000000001,23.327999999999996,46.007999999999996,58.8,37.824,38.327999999999996,48.768,53.16,43.032,63.431999999999995,9.527999999999997,55.416,57.35999999999999,22.248,25.44,25.752,57.552,54.431999999999995,14.952,8.688000000000002,30.215999999999998,31.776,38.184,28.848,41.27999999999999,60.912000000000006,16.703999999999997,10.248000000000003,42.38399999999999,44.42399999999999,24.983999999999998,54.552,3.7440000000000033,48.312000000000005,59.928,65.232,59.231999999999985,25.080000000000002,32.56799999999999,18.864,28.464,63.791999999999994,23.544,38.25599999999999,8.376,26.975999999999996,32.352,23.304000000000002,12.935999999999996,5.399999999999998,4.416000000000003,50.784,65.28,40.752,53.519999999999996,25.607999999999997,29.135999999999996,22.968
75.456,40.104,42.647999999999996,25.607999999999993,20.327999999999996,34.872,65.232,48.312,21.432,42.64799999999999,14.808000000000002,55.67999999999999,77.616,54.71999999999999,71.808,83.232,18.288,29.448,57.72,50.519999999999996,21.479999999999997,52.48799999999999,0.0,50.184000000000005,41.27999999999999,57.072,22.295999999999996,50.087999999999994,34.176,29.375999999999994,43.704,5.880000000000003,26.4,30.048000000000002,54.959999999999994,58.848000000000006,15.887999999999995,31.152,21.504,46.608,33.93599999999999,18.791999999999998,47.304,40.632,64.8,44.95199999999999,51.168,29.832,14.663999999999998,47.279999999999994,12.552,58.31999999999999,37.056,10.943999999999997,49.48799999999999,47.136,62.519999999999996,74.736,77.928,26.735999999999997,62.712,34.68,37.535999999999994,47.25599999999999,32.784,38.904,14.303999999999997,23.639999999999997,57.623999999999995,8.52,69.192,62.736,47.54399999999999,49.58399999999999,39.55199999999999,19.680000000000003,49.65599999999999,5.135999999999999,65.088,70.392,64.392,27.407999999999994,37.727999999999994,49.175999999999995,54.36,11.303999999999997,28.943999999999996,44.952,44.111999999999995,56.327999999999996,33.528,44.25599999999999,57.647999999999996,50.01599999999999,53.44799999999999,4.632000000000001,32.28,25.511999999999997,16.008,45.647999999999996,23.352,75.456
25.272,45.312000000000005,37.104,64.032,46.992,47.184000000000005,18.983999999999998,24.479999999999997,39.407999999999994,30.528,64.99199999999999,21.0,27.431999999999995,35.64,22.247999999999994,33.047999999999995,44.952,44.112,7.583999999999996,14.16,31.152,21.503999999999998,50.184000000000005,0.0,8.904000000000005,30.407999999999998,45.647999999999996,39.168,57.383999999999986,22.536,32.928,56.06399999999999,67.848,31.416000000000004,41.64,8.664000000000003,64.24799999999999,19.032,48.168,43.704,43.848,37.296,20.639999999999997,39.6,31.799999999999997,5.232000000000004,24.503999999999998,56.495999999999995,37.632,16.823999999999998,46.464,38.808,40.727999999999994,61.12799999999999,11.976,53.112,35.855999999999995,24.552,27.743999999999996,35.592,36.576,52.12799999999999,33.239999999999995,30.192,51.72,53.279999999999994,35.88,26.544,19.775999999999996,58.608000000000004,19.007999999999996,14.039999999999994,23.76,29.16,46.48799999999999,52.248000000000005,25.247999999999998,46.008,38.42399999999999,43.727999999999994,37.727999999999994,22.776000000000003,23.112000000000002,40.368,6.960000000000001,61.48799999999999,21.240000000000002,16.751999999999995,17.88,6.143999999999992,30.048,44.808,8.568,16.104,25.92,48.480000000000004,62.976,52.175999999999995,51.215999999999994,47.111999999999995,43.391999999999996,25.272
34.176,36.407999999999994,28.199999999999996,55.12799999999999,45.38399999999999,38.279999999999994,23.952000000000005,22.871999999999996,37.8,21.623999999999995,56.087999999999994,19.392,36.336,34.032,30.528000000000006,41.952,43.344,35.20799999999999,16.44,15.768,22.247999999999994,19.895999999999997,41.27999999999999,8.904000000000005,0.0,32.016,36.74399999999999,30.263999999999996,55.775999999999996,20.928,31.32,47.16,58.943999999999996,22.511999999999997,40.032,17.56800000000001,55.34399999999999,10.127999999999993,46.559999999999995,34.8,42.239999999999995,28.391999999999996,22.247999999999998,30.695999999999998,30.192,3.6720000000000024,26.111999999999995,47.59199999999999,36.024,18.432,37.608,33.263999999999996,31.823999999999995,52.22399999999999,10.368,44.20799999999999,37.464,33.456,36.648,33.984,37.656,43.224,31.631999999999998,28.584,50.112,51.672,26.975999999999996,18.168,21.383999999999997,49.70399999999999,27.912,21.456000000000007,22.487999999999992,24.527999999999995,44.879999999999995,43.343999999999994,23.640000000000004,37.104,40.032,45.336,39.33599999999999,13.871999999999998,14.207999999999995,38.76,13.080000000000005,52.58399999999999,12.335999999999997,18.359999999999996,16.272,15.047999999999998,21.14399999999999,43.199999999999996,16.368000000000006,14.495999999999999,24.312,39.57599999999999,54.07199999999999,50.568,42.31199999999999,45.504,41.78399999999999,34.176
49.583999999999996,21.0,14.424,39.71999999999999,77.39999999999999,22.872000000000003,49.391999999999996,54.88799999999999,69.816,14.424000000000003,50.471999999999994,51.408,51.74399999999999,66.048,52.65599999999999,57.35999999999999,75.36,27.623999999999995,31.848,24.647999999999996,35.592,51.91199999999999,57.072,30.407999999999998,32.016,0.0,34.775999999999996,14.856000000000002,87.79199999999999,52.944,63.336,61.51199999999999,43.536,27.023999999999994,72.048,32.976000000000006,41.184,36.239999999999995,78.57600000000001,19.392,74.25599999999999,38.279999999999994,16.823999999999995,16.439999999999994,62.208,28.584,7.104000000000002,32.184,68.03999999999999,21.407999999999994,69.624,14.496000000000006,20.016,52.896,42.384,28.799999999999997,5.447999999999999,53.184,52.056,66.0,12.263999999999998,27.815999999999995,63.647999999999996,60.599999999999994,82.128,83.68799999999999,43.536,50.184,31.751999999999995,65.592,46.199999999999996,44.447999999999986,9.528000000000006,7.488000000000002,76.896,37.391999999999996,55.656,62.208,11.135999999999992,13.32,7.319999999999993,43.008,19.344000000000005,70.776,28.488,56.279999999999994,35.135999999999996,19.08,48.28799999999999,30.455999999999992,23.544,75.216,38.976000000000006,46.51199999999999,56.327999999999996,61.704,38.663999999999994,82.58399999999999,73.07999999999998,77.52,73.8,49.583999999999996
70.91999999999999,17.808,20.352,18.384,42.623999999999995,12.576,60.696,43.775999999999996,35.04,20.351999999999997,19.344000000000005,51.14399999999999,73.07999999999998,50.18399999999999,67.272,78.696,40.583999999999996,7.152000000000005,53.18399999999999,45.98399999999999,14.495999999999997,47.95199999999999,22.295999999999996,45.647999999999996,36.74399999999999,34.775999999999996,0.0,27.791999999999998,53.016,24.839999999999993,39.168,26.735999999999997,22.2,14.231999999999994,50.42399999999999,54.312000000000005,18.599999999999998,26.616,43.8,24.311999999999998,39.48,8.351999999999997,38.15999999999999,18.336000000000006,60.263999999999996,40.41599999999999,28.871999999999996,10.848000000000003,33.263999999999996,42.743999999999986,34.848,36.024,14.76,18.12,44.95199999999999,24.839999999999996,40.224,70.2,73.392,31.223999999999997,40.416000000000004,12.384,32.99999999999999,42.71999999999999,47.352,48.91199999999999,9.767999999999995,19.103999999999996,53.087999999999994,30.816,64.65599999999999,58.199999999999996,25.247999999999994,27.287999999999997,42.12,6.600000000000004,45.11999999999999,27.432,42.791999999999994,48.096,42.096,22.871999999999993,22.535999999999998,44.64,49.82399999999999,21.504,24.407999999999994,40.41599999999999,39.57599999999999,51.791999999999994,15.6,40.440000000000005,53.111999999999995,45.47999999999999,48.91199999999999,26.927999999999997,17.328000000000003,47.808,38.303999999999995,42.74399999999999,39.023999999999994,70.91999999999999
64.44,9.984,7.439999999999999,24.863999999999994,70.416,15.216,54.215999999999994,47.904,62.831999999999994,8.640000000000002,43.48799999999999,44.66400000000001,66.6,59.06399999999999,60.792,72.216,68.376,20.639999999999993,46.704,39.504,28.607999999999997,44.928,50.087999999999994,39.168,30.263999999999996,14.856000000000002,27.791999999999998,0.0,80.808,45.959999999999994,56.352,54.52799999999999,28.679999999999996,20.039999999999996,65.064,47.83200000000001,34.2,29.255999999999997,71.592,4.535999999999997,67.27199999999999,31.295999999999996,31.679999999999996,9.455999999999994,55.22399999999999,33.936,21.960000000000004,20.255999999999993,61.05599999999999,36.263999999999996,62.64,8.232,13.031999999999998,45.912000000000006,38.472,13.943999999999996,13.584000000000009,63.720000000000006,66.912,59.016,12.624000000000002,15.408,56.663999999999994,53.615999999999985,75.144,76.704,36.552,43.199999999999996,46.608000000000004,58.60799999999999,58.175999999999995,51.72,15.408000000000003,10.008000000000004,69.912,30.407999999999994,48.672,55.22399999999999,25.991999999999994,20.304000000000002,14.303999999999993,36.024,16.056,63.792,43.344,49.29599999999999,28.151999999999994,33.936,41.304,45.312,16.56,68.232,46.632000000000005,39.528,49.344,54.72,23.807999999999996,75.6,66.09599999999999,70.536,66.816,64.44
52.27199999999999,70.824,73.368,56.327999999999996,28.488,65.592,38.39999999999999,32.904,17.976,73.368,48.983999999999995,36.38399999999999,45.59999999999999,21.743999999999996,37.632,49.15199999999999,21.648,60.168,64.96799999999999,71.544,52.199999999999996,35.879999999999995,34.176,57.383999999999986,55.775999999999996,87.79199999999999,53.016,80.808,0.0,34.848,24.455999999999992,40.056000000000004,57.11999999999999,60.768,20.784,59.663999999999994,48.239999999999995,51.55199999999999,24.0,77.32799999999999,13.535999999999998,49.51199999999999,78.02399999999999,71.352,30.624000000000002,59.20799999999999,81.88799999999999,60.552,19.752,74.208,30.455999999999996,89.03999999999998,67.776,45.11999999999999,45.407999999999994,77.856,93.23999999999998,40.559999999999995,43.752,21.791999999999994,93.432,65.39999999999999,24.143999999999995,27.192,5.663999999999999,4.728,44.25599999999999,37.608,77.16,42.6,41.59199999999999,43.344,78.264,80.30399999999999,10.895999999999999,50.4,32.13599999999999,30.0,95.808,101.11199999999998,95.11199999999998,44.784,68.448,17.016,64.344,45.48,52.65599999999999,74.136,39.504,62.855999999999995,64.24799999999999,12.576,48.81599999999999,41.279999999999994,31.464,32.471999999999994,63.0,22.439999999999998,35.208000000000006,11.472,13.991999999999999,52.27199999999999
