0.0,33.40799999999999,37.608,60.336,43.727999999999994,35.087999999999994,27.312,17.90399999999999,51.096000000000004,56.232,36.024,34.751999999999995,6.287999999999998,21.33599999999999,30.288000000000004,29.447999999999993,19.032,49.104,36.912000000000006,19.512,40.536,57.888,50.831999999999994,9.912,33.696,39.912,54.21600000000001,45.336,22.824,31.488,48.096,53.232,21.047999999999995,19.895999999999997,31.44,33.96,59.736,32.255999999999986,49.464,20.615999999999996,59.663999999999994,43.871999999999986,49.56,30.552000000000003,5.280000000000002,56.663999999999994,31.319999999999997,59.831999999999994,34.632000000000005,17.568000000000005,10.367999999999991,41.184000000000005,52.104,57.744,30.528,24.287999999999997,25.776000000000003,38.97599999999999,27.263999999999992,14.928000000000004,43.632,53.760000000000005,34.15200000000001,16.224000000000004,24.744,18.311999999999998,12.599999999999994,30.816000000000003,19.416000000000004,36.984,54.623999999999995,42.456,8.016,31.104000000000006,12.576,34.63199999999999,37.39199999999999,31.871999999999996,11.856000000000003,27.551999999999996,40.632000000000005,16.799999999999994,21.672,51.28799999999999,33.047999999999995,50.88,37.944,19.05599999999999,53.976,27.167999999999996,41.28000000000001,8.880000000000003,29.592,38.85600000000001,7.967999999999996,45.98399999999999,52.080000000000005,27.335999999999995,57.312000000000005,47.088,34.391999999999996,0.0
33.40799999999999,0.0,46.344,51.599999999999994,47.232,4.8,14.975999999999996,15.504000000000001,84.50399999999998,89.64,58.104,13.58399999999999,38.544,36.168,63.696,15.912000000000006,16.968000000000004,40.46399999999999,28.176,13.895999999999988,7.128000000000005,91.29599999999999,42.096,23.495999999999988,24.95999999999999,49.65599999999999,87.624,78.744,56.232,53.663999999999994,58.895999999999994,86.64,12.359999999999996,28.632,40.176,67.368,51.0,15.360000000000005,52.82399999999999,20.040000000000003,50.92799999999998,10.463999999999999,82.96799999999998,21.816,38.687999999999995,47.928,4.631999999999999,93.24,48.50399999999999,50.97599999999999,23.04,74.592,85.51199999999999,91.15199999999999,37.919999999999995,26.063999999999997,56.25599999999999,47.712,57.263999999999996,48.336,77.03999999999998,56.11199999999999,67.55999999999999,49.632,49.99199999999999,29.639999999999997,20.807999999999996,64.22399999999999,51.959999999999994,70.392,55.872,75.86399999999999,30.671999999999997,64.512,41.80799999999999,11.592000000000004,5.664000000000007,20.256000000000004,45.263999999999996,21.120000000000008,74.04,16.607999999999993,55.079999999999984,43.368,41.784,44.63999999999999,55.60799999999999,14.352,87.38399999999999,17.52,32.544,37.007999999999996,59.495999999999995,72.264,25.439999999999994,12.576000000000004,45.74399999999999,55.895999999999994,50.44799999999999,80.496,25.65599999999999,33.40799999999999
37.608,46.344,0.0,97.944,81.336,41.544000000000004,61.32,52.967999999999996,51.072,56.20799999999999,73.63199999999999,59.928,31.32,16.272000000000002,30.263999999999996,30.432,29.375999999999994,86.712,74.52000000000001,50.352,51.696000000000005,57.864,88.44,45.984,71.304,77.52,57.072,45.312,22.8,69.09599999999999,85.704,53.20799999999999,45.408,17.712,6.167999999999994,46.559999999999995,97.344,32.279999999999994,87.072,26.304000000000002,97.27199999999999,46.199999999999996,49.536,68.16,35.832,94.272,50.976,59.80799999999999,15.071999999999994,34.440000000000005,32.76,53.4,59.856,57.72,68.136,61.895999999999994,63.384,1.4639999999999986,23.832000000000004,47.495999999999995,52.248,91.368,38.59199999999999,46.05599999999999,16.56,19.295999999999996,48.67199999999999,30.791999999999998,57.023999999999994,36.959999999999994,92.232,42.431999999999995,29.591999999999995,31.32,50.184,34.752,40.68,31.896000000000004,35.448,27.576000000000004,67.728,41.352,29.759999999999994,88.896,8.351999999999999,88.48800000000001,75.55199999999999,35.448,53.95199999999999,63.864000000000004,78.888,46.488,67.2,54.0,37.848,46.008,89.688,22.464,94.91999999999999,47.064,72.0,37.608
60.336,51.599999999999994,97.944,0.0,16.608000000000004,56.4,38.06400000000001,44.976000000000006,67.32,62.04,24.312,45.504,66.624,81.672,89.472,67.512,68.568,11.232000000000001,23.423999999999996,47.592000000000006,51.288,47.136,9.744000000000002,51.96,29.95199999999999,20.424000000000003,43.464,66.072,75.912,28.848,14.736,45.504,52.536,80.232,91.776,51.384,0.7919999999999975,66.96000000000001,10.872,71.64,0.7199999999999953,54.623999999999995,50.42399999999999,29.784,62.112,11.64,46.967999999999996,56.903999999999996,94.96800000000002,63.504,65.18400000000001,44.544000000000004,41.352,63.599999999999994,29.808000000000003,36.04800000000001,34.56,99.312,87.6,50.44800000000001,45.696,11.951999999999998,59.352,51.888000000000005,85.08,78.64800000000001,49.272000000000006,75.55199999999999,40.92,63.192,11.712000000000005,70.63199999999999,68.352,66.624,47.760000000000005,63.192,57.264,71.856,62.495999999999995,72.72000000000001,30.216,56.592,68.184,9.048000000000005,93.38399999999999,9.456000000000001,22.392000000000003,62.496,64.44,37.92,19.056,51.456,30.744000000000003,43.944,60.096000000000004,56.736,8.256000000000002,87.672,6.288000000000002,66.72000000000001,28.104,60.336
43.727999999999994,47.232,81.336,16.608000000000004,0.0,48.912000000000006,41.13600000000001,31.727999999999994,50.711999999999996,45.431999999999995,10.871999999999998,48.576,50.016,65.064,72.86399999999999,50.903999999999996,51.959999999999994,6.7680000000000025,23.568,33.336000000000006,54.36,44.064,12.816000000000003,35.352,33.023999999999994,3.8160000000000016,40.391999999999996,49.464,59.304,12.239999999999997,11.663999999999998,39.408,35.928,63.623999999999995,75.16799999999999,34.775999999999996,16.008000000000006,50.352,5.736000000000003,55.032,15.935999999999998,57.696,35.736,25.992000000000004,45.504,14.712000000000003,45.144000000000005,46.008,78.36000000000001,46.895999999999994,48.576,27.936,38.279999999999994,46.992,13.199999999999998,21.168,17.951999999999995,82.704,70.99199999999999,33.839999999999996,29.808,10.032000000000005,42.74399999999999,35.279999999999994,68.472,62.04,32.66400000000001,58.943999999999996,24.311999999999998,46.583999999999996,10.895999999999997,54.023999999999994,51.744,50.016,31.152,48.456,51.215999999999994,55.248,45.88799999999999,56.112,26.808,39.984,51.57599999999999,7.559999999999997,76.776,7.152000000000003,8.375999999999998,45.888,47.832,40.992000000000004,18.000000000000007,34.848,14.136,27.336,43.488,59.808,8.352000000000002,71.064,13.584,50.112,31.176000000000002,43.727999999999994
35.087999999999994,4.8,41.544000000000004,56.4,48.912000000000006,0.0,19.775999999999996,17.184000000000008,86.18399999999998,91.32000000000001,59.784000000000006,18.38399999999999,40.224000000000004,37.848000000000006,65.376,11.112000000000005,16.055999999999997,45.16799999999999,32.976,15.575999999999995,10.152000000000001,92.976,46.895999999999994,25.175999999999995,29.75999999999999,51.336,89.304,80.424,57.912000000000006,55.344,60.576,88.32000000000001,14.040000000000003,23.832000000000004,35.376000000000005,69.048,55.8,10.560000000000004,54.504,15.240000000000002,55.72799999999999,8.783999999999992,84.64799999999998,26.616,40.368,52.727999999999994,9.431999999999999,94.92,50.184,52.656,24.720000000000006,76.272,87.192,92.832,39.6,27.744000000000003,57.936,42.912000000000006,58.944,50.016000000000005,78.71999999999998,57.791999999999994,69.24,51.312000000000005,51.672,31.320000000000004,22.488000000000003,65.904,53.64,72.072,57.55200000000001,77.544,32.352000000000004,66.19200000000001,43.488,6.792000000000004,2.3039999999999936,15.456000000000003,46.944,16.32000000000001,75.72000000000001,18.288,56.75999999999999,47.35199999999999,36.984,46.943999999999996,57.288,16.032000000000007,89.064,22.32,37.343999999999994,38.688,61.176,73.944,27.12,10.895999999999997,48.14399999999999,57.576,53.37599999999999,82.176,30.455999999999992,35.087999999999994
27.312,14.975999999999996,61.32,38.06400000000001,41.13600000000001,19.775999999999996,0.0,9.408000000000012,78.408,83.544,52.008,7.439999999999994,32.44800000000001,45.047999999999995,57.60000000000001,30.888,31.944,34.368,17.568000000000005,10.968,13.223999999999995,85.2,28.32,17.4,9.983999999999996,43.56000000000001,81.52799999999999,72.64800000000001,50.13600000000001,47.568,52.800000000000004,80.544,15.911999999999997,43.608000000000004,55.152,61.272,38.856,30.336,46.728,35.016,37.34400000000001,16.559999999999988,76.872,15.144000000000005,32.592000000000006,32.952,10.343999999999996,87.144,58.344,44.88,28.56,68.49600000000001,79.41600000000001,85.056,31.824,19.968000000000007,50.16000000000001,62.688,51.168000000000006,42.24,70.944,50.016,61.46400000000001,43.536,48.456,42.023999999999994,14.712000000000005,58.128000000000014,45.864000000000004,64.29599999999999,49.77600000000001,69.768,31.728,58.416000000000004,35.712,26.567999999999998,20.640000000000004,35.232,39.168,36.096000000000004,67.944,19.968,48.98400000000001,37.27200000000001,56.75999999999999,38.544000000000004,49.512,25.872,81.28800000000001,2.5440000000000054,23.136,30.912000000000006,53.400000000000006,66.168,23.472,18.671999999999993,39.648,51.047999999999995,44.35200000000001,74.4,10.679999999999998,27.312
17.90399999999999,15.504000000000001,52.967999999999996,44.976000000000006,31.727999999999994,17.184000000000008,9.408000000000012,0.0,68.99999999999999,74.136,42.6,16.848000000000006,23.039999999999996,36.696,48.19199999999999,22.536,23.592,33.744,21.552000000000003,2.6159999999999997,22.63200000000001,75.79199999999999,35.472,7.991999999999987,18.335999999999995,34.151999999999994,72.11999999999999,63.239999999999995,40.727999999999994,38.15999999999999,43.391999999999996,71.136,7.559999999999996,35.256,46.8,51.864,44.376000000000005,21.983999999999998,37.31999999999999,26.663999999999998,44.304,25.968,67.46399999999998,15.192000000000004,23.18399999999999,41.304,13.416000000000007,77.736,49.992000000000004,35.471999999999994,20.208,59.087999999999994,70.008,75.64799999999998,22.41599999999999,10.559999999999997,40.75199999999999,54.336,42.623999999999995,32.831999999999994,61.53599999999999,40.60799999999998,52.05599999999999,34.12799999999999,40.104,33.672,5.303999999999993,48.71999999999999,36.455999999999996,54.88799999999999,40.368,60.35999999999999,23.376,49.007999999999996,26.30399999999999,18.215999999999998,19.488000000000003,26.879999999999995,29.75999999999999,27.744000000000003,58.536,11.616,39.575999999999986,35.928,48.407999999999994,35.52,40.10399999999999,17.52,71.87999999999998,10.896000000000006,25.92,21.503999999999994,43.992,56.75999999999999,15.120000000000001,28.080000000000005,36.72,42.696,41.952,64.99199999999999,19.032,17.90399999999999
51.096000000000004,84.50399999999998,51.072,67.32,50.711999999999996,86.18399999999998,78.408,68.99999999999999,0.0,5.28,43.008,85.84799999999998,45.959999999999994,48.336,22.151999999999997,80.544,70.128,56.087999999999994,60.84,70.608,91.63199999999999,25.799999999999997,57.815999999999995,61.008,70.29599999999999,46.895999999999994,26.447999999999997,5.760000000000001,28.272,38.472,55.08,21.816,72.14399999999999,62.688,55.56,17.136,66.72,83.35199999999999,56.44799999999999,71.712,66.64799999999998,94.96799999999998,16.896,63.263999999999996,45.81600000000001,63.647999999999996,82.41600000000001,10.415999999999999,36.0,33.528,61.464,22.775999999999996,29.232,6.648,46.583999999999996,58.43999999999999,32.760000000000005,52.536,27.239999999999995,36.168,21.624,60.744,16.943999999999996,34.872,34.51199999999999,54.864,63.696,20.279999999999998,32.544,14.111999999999998,61.60799999999999,8.64,53.831999999999994,19.991999999999994,42.696,85.728,88.48799999999999,82.968,39.24,78.64800000000001,37.104,67.896,29.424000000000003,58.27199999999999,59.42399999999999,57.864,44.928,70.15199999999999,2.8800000000000003,78.264,55.272,47.495999999999995,36.576,23.375999999999994,59.06399999999999,97.08,59.06399999999999,28.607999999999997,64.29599999999999,4.008,68.448,51.096000000000004
56.232,89.64,56.20799999999999,62.04,45.431999999999995,91.32000000000001,83.544,74.136,5.28,0.0,37.727999999999994,90.98400000000001,51.096,53.472,27.432,85.68,75.264,50.808,65.976,75.744,96.768,20.52,55.224000000000004,66.144,75.432,41.616,21.168,10.896000000000003,33.408,35.976,49.8,16.536,77.28,67.824,60.696000000000005,22.272,61.44,88.48800000000001,51.168,76.84799999999998,61.367999999999995,100.104,11.616,68.39999999999999,50.952,58.367999999999995,87.552,5.136,41.136,38.663999999999994,66.6,17.496,23.952,1.5599999999999994,51.720000000000006,63.576,33.384,57.672,32.376,41.304,16.343999999999998,55.464000000000006,22.08,40.008,39.647999999999996,60.0,68.832,25.415999999999997,37.68,19.247999999999998,56.327999999999996,13.776,58.967999999999996,25.127999999999997,47.832,90.86399999999999,93.624,88.104,44.376000000000005,83.78399999999999,31.823999999999995,73.032,34.56,52.99199999999999,64.55999999999999,52.584,39.647999999999996,75.288,2.3999999999999995,83.39999999999999,60.408,52.632,31.295999999999996,18.095999999999997,64.2,102.21600000000001,53.784,33.74399999999999,59.016,9.143999999999998,73.584,56.232
36.024,58.104,73.63199999999999,24.312,10.871999999999998,59.784000000000006,52.008,42.6,43.008,37.727999999999994,0.0,59.44800000000001,42.312000000000005,57.35999999999999,65.16,54.144000000000005,44.256,17.64,34.440000000000005,44.208000000000006,65.232,33.192,23.688000000000002,34.608000000000004,43.895999999999994,8.447999999999997,29.52,41.76,51.599999999999994,4.535999999999999,12.071999999999997,28.536,45.74400000000001,55.92,67.464,27.072000000000003,23.712000000000007,56.95199999999999,13.440000000000001,47.327999999999996,23.639999999999993,68.568,26.112000000000002,36.864000000000004,37.800000000000004,25.584,56.016000000000005,35.136,70.656,39.19199999999999,40.872,20.232,27.407999999999998,39.288000000000004,20.184,32.04,10.248,75.0,63.28799999999999,26.136,21.384,17.736000000000004,35.03999999999999,27.576000000000004,60.768,54.336,37.296,51.239999999999995,16.607999999999997,38.879999999999995,18.599999999999994,46.32,44.04,42.312,23.448000000000004,59.327999999999996,62.087999999999994,56.568,38.184,52.248000000000005,15.936,41.495999999999995,43.872,15.263999999999994,69.072,14.856,2.496,43.75199999999999,40.12799999999999,51.864,28.872,27.144,6.432000000000001,19.631999999999998,35.784000000000006,70.68,16.055999999999997,63.35999999999999,21.287999999999997,42.408,42.04800000000001,36.024
34.751999999999995,13.58399999999999,59.928,45.504,48.576,18.38399999999999,7.439999999999994,16.848000000000006,85.84799999999998,90.98400000000001,59.44800000000001,0.0,39.888,43.65599999999999,65.04,29.495999999999995,30.551999999999996,41.808,25.008,15.239999999999995,8.23199999999999,92.64,35.76,24.839999999999993,15.552000000000005,51.0,88.968,80.08800000000001,57.576,55.008,60.24,87.98400000000001,14.519999999999992,42.21599999999999,53.75999999999999,68.712,46.296,28.943999999999996,54.168,33.623999999999995,44.784,13.727999999999996,84.31199999999998,22.584,40.032,34.344,8.951999999999993,94.584,56.952,52.32000000000001,27.167999999999996,75.93599999999999,86.856,92.496,39.263999999999996,27.408,57.599999999999994,61.29599999999999,58.608000000000004,49.68000000000001,78.38399999999999,57.45599999999999,68.904,50.976,51.336,40.632,22.152,65.568,53.304,71.736,57.21600000000001,77.208,32.016000000000005,65.856,43.152,25.175999999999995,19.247999999999998,33.839999999999996,46.608000000000004,34.704,75.384,18.575999999999997,56.42399999999999,44.712,55.36799999999999,45.984,56.952,24.479999999999997,88.728,7.584,30.575999999999993,38.352,60.84,73.608,26.784,15.936,47.088,57.24,51.792,81.84,17.4,34.751999999999995
6.287999999999998,38.544,31.32,66.624,50.016,40.224000000000004,32.44800000000001,23.039999999999996,45.959999999999994,51.096,42.312000000000005,39.888,0.0,15.047999999999996,25.152,34.583999999999996,24.168000000000003,55.391999999999996,43.199999999999996,24.648000000000007,45.672000000000004,52.75199999999999,57.12,15.048000000000007,39.98399999999999,46.199999999999996,49.08,40.199999999999996,17.688,37.775999999999996,54.384,48.096,26.183999999999997,16.728,25.152000000000005,28.823999999999998,66.024,37.391999999999996,55.751999999999995,25.752,65.95199999999998,49.007999999999996,44.42399999999999,36.84,4.511999999999998,62.952,36.456,54.696,28.344000000000005,12.431999999999999,15.503999999999998,36.047999999999995,46.967999999999996,52.608000000000004,36.815999999999995,30.575999999999993,32.064,32.688,20.975999999999996,16.176,38.495999999999995,60.047999999999995,29.016,14.735999999999997,18.456000000000003,12.024,17.736,25.679999999999996,25.704,31.848,60.91199999999999,37.31999999999999,7.871999999999998,25.968,18.863999999999997,39.768,42.528,37.008,6.719999999999997,32.688,36.408,21.936,16.535999999999998,57.57599999999999,26.759999999999994,57.168,44.232,24.191999999999993,48.84,32.544000000000004,47.568,15.168,35.879999999999995,33.72,13.104000000000001,51.12,58.367999999999995,21.048,63.599999999999994,41.95199999999999,40.68,6.287999999999998
21.33599999999999,36.168,16.272000000000002,81.672,65.064,37.848000000000006,45.047999999999995,36.696,48.336,53.472,57.35999999999999,43.65599999999999,15.047999999999996,0.0,27.527999999999995,32.208000000000006,21.792000000000005,70.44,58.248000000000005,34.08,43.29600000000001,55.12799999999999,72.16799999999999,29.711999999999996,55.032,61.24799999999999,51.45599999999999,42.57599999999999,20.063999999999997,52.82399999999999,69.432,50.471999999999994,29.136,14.352000000000002,10.104000000000008,31.2,81.072,35.016,70.8,23.376000000000005,81.0,46.632,46.8,51.888,19.559999999999995,78.0,34.704,57.07199999999999,13.296000000000006,18.168,16.487999999999996,38.42399999999999,49.343999999999994,54.983999999999995,51.864,45.623999999999995,47.111999999999995,17.640000000000004,21.096,31.223999999999993,40.87199999999999,75.09599999999999,31.392,29.783999999999992,13.823999999999996,6.527999999999999,32.39999999999999,28.055999999999997,40.752,34.224,75.96,39.696,13.319999999999995,28.343999999999994,33.912,37.392,40.152,34.632000000000005,19.176,30.312000000000005,51.45599999999999,25.08,18.911999999999995,72.624,11.712,72.216,59.279999999999994,21.816,51.21599999999999,47.592000000000006,62.616,30.215999999999998,50.928,37.727999999999994,21.575999999999997,48.744,73.416,19.727999999999998,78.64799999999998,44.327999999999996,55.727999999999994,21.33599999999999
30.288000000000004,63.696,30.263999999999996,89.472,72.86399999999999,65.376,57.60000000000001,48.19199999999999,22.151999999999997,27.432,65.16,65.04,25.152,27.527999999999995,0.0,59.736,49.32000000000001,78.24,66.048,49.800000000000004,70.824,47.95199999999999,79.968,40.20000000000001,62.831999999999994,69.04799999999999,48.599999999999994,23.399999999999995,13.559999999999999,60.623999999999995,77.232,43.967999999999996,51.336,41.88,34.752,38.087999999999994,88.872,62.544,78.6,50.903999999999996,88.8,74.16,39.047999999999995,59.688,27.359999999999996,85.8,61.608000000000004,32.568,15.192000000000004,25.968,40.65599999999999,44.928,51.384,27.455999999999996,59.663999999999994,53.42399999999999,54.912000000000006,31.727999999999994,6.431999999999998,39.023999999999994,43.775999999999996,82.896,30.12,37.583999999999996,13.704,34.056,42.888,13.919999999999998,48.552,26.279999999999998,83.75999999999999,18.839999999999996,33.024,22.848,41.711999999999996,64.92,67.67999999999999,62.160000000000004,26.976,57.84,59.25599999999999,47.088,21.287999999999997,80.42399999999999,38.616,80.016,67.08,49.343999999999994,25.031999999999993,57.456,70.416,38.016,58.727999999999994,45.528,38.256,76.272,81.21600000000001,7.8,86.448,22.751999999999995,63.52799999999999,30.288000000000004
29.447999999999993,15.912000000000006,30.432,67.512,50.903999999999996,11.112000000000005,30.888,22.536,80.544,85.68,54.144000000000005,29.495999999999995,34.583999999999996,32.208000000000006,59.736,0.0,10.415999999999995,56.279999999999994,44.08800000000001,19.92,21.264000000000006,87.336,58.008,19.53599999999999,40.872,47.087999999999994,83.664,74.78399999999999,52.272,49.704,55.272,82.68,14.976000000000004,17.855999999999998,24.983999999999995,63.408,66.912,2.8079999999999954,56.64,8.831999999999999,66.83999999999999,15.768,79.008,37.728,34.727999999999994,63.84,20.544000000000004,89.28,44.544,47.016,19.080000000000002,70.63199999999999,81.552,87.192,37.704,31.464,52.29599999999999,31.799999999999997,53.304,44.376000000000005,73.08,60.936,63.599999999999994,45.672000000000004,46.032,25.68,18.239999999999995,60.263999999999996,48.0,66.432,61.8,71.904,26.712,60.552,37.848,5.184,10.248,4.343999999999997,41.304,5.208000000000004,70.08,12.647999999999998,51.11999999999999,58.464,25.871999999999993,58.056,51.647999999999996,10.392000000000005,83.42399999999999,33.43200000000001,48.456,33.047999999999995,55.536,68.304,21.479999999999997,16.536,59.256,51.936,64.488,76.536,41.568,29.447999999999993
19.032,16.968000000000004,29.375999999999994,68.568,51.959999999999994,16.055999999999997,31.944,23.592,70.128,75.264,44.256,30.551999999999996,24.168000000000003,21.792000000000005,49.32000000000001,10.415999999999995,0.0,57.336,45.144000000000005,20.976,22.320000000000004,76.91999999999999,59.06399999999999,16.608,41.928,48.144000000000005,73.248,64.368,41.856,39.72,56.327999999999996,72.264,16.032000000000004,11.663999999999998,23.208000000000002,52.992000000000004,67.968,13.22399999999999,57.696,3.0719999999999983,67.896,24.83999999999999,68.592,38.784000000000006,24.312,64.896,21.600000000000005,78.86399999999999,34.128,36.6,8.664000000000007,60.21600000000001,71.136,76.776,38.76,32.519999999999996,41.88,30.743999999999996,42.88800000000001,33.96,62.663999999999994,61.99199999999999,53.184000000000005,35.256,35.616,15.264000000000006,19.295999999999992,49.848000000000006,37.584,56.016000000000005,62.855999999999995,61.488,16.296000000000006,50.135999999999996,27.432000000000002,15.599999999999994,18.359999999999992,12.839999999999998,30.888,8.519999999999998,59.664,11.976,40.704,59.51999999999999,24.815999999999995,59.112,46.176,6.071999999999998,73.008,34.48800000000001,49.512,22.632,45.12000000000001,57.888000000000005,11.064000000000002,26.951999999999995,60.312000000000005,41.52000000000001,65.544,66.12,42.623999999999995,19.032
49.104,40.46399999999999,86.712,11.232000000000001,6.7680000000000025,45.16799999999999,34.368,33.744,56.087999999999994,50.808,17.64,41.808,55.391999999999996,70.44,78.24,56.279999999999994,57.336,0.0,16.8,36.36,47.592000000000006,50.831999999999994,6.048000000000001,40.727999999999994,26.255999999999993,9.192000000000004,47.16,54.83999999999999,64.68,17.616,18.432000000000002,46.176,41.304,69.0,80.544,40.152,10.632000000000003,55.727999999999994,12.36,60.408,10.559999999999997,50.92799999999998,42.504,19.224,50.88,7.944000000000001,38.376,52.776,83.736,52.272,53.952,34.128,45.047999999999995,52.367999999999995,18.576,24.816000000000003,23.327999999999996,88.08,76.368,39.216,36.576,15.647999999999998,48.12,40.656,73.848,67.41599999999998,38.040000000000006,64.32,29.687999999999995,51.96,15.408000000000005,59.4,57.12,55.391999999999996,36.528,51.959999999999994,46.032000000000004,60.624,51.263999999999996,61.48800000000001,33.576,45.35999999999999,56.952,2.9040000000000052,82.152,4.176,15.144,51.263999999999996,53.20799999999999,34.224,11.232000000000003,40.224,19.512,32.712,48.864,53.04,5.280000000000001,76.44,9.984000000000002,55.488,24.407999999999998,49.104
36.912000000000006,28.176,74.52000000000001,23.423999999999996,23.568,32.976,17.568000000000005,21.552000000000003,60.84,65.976,34.440000000000005,25.008,43.199999999999996,58.248000000000005,66.048,44.08800000000001,45.144000000000005,16.8,0.0,24.168000000000003,30.791999999999998,67.63199999999999,13.919999999999998,28.536000000000005,9.455999999999994,25.992000000000004,63.959999999999994,55.08,52.48800000000001,30.0,35.232,62.976,29.112000000000002,56.808,68.352,43.704,22.823999999999998,43.536,29.16,48.21600000000001,22.751999999999992,34.12799999999999,59.304,6.36,38.68800000000001,19.751999999999995,23.544,69.57600000000001,71.544,40.080000000000005,41.760000000000005,50.928,61.848000000000006,67.48799999999999,14.255999999999998,12.624000000000008,32.592000000000006,75.888,64.176,27.024,53.376000000000005,32.448,43.89600000000001,28.464000000000006,61.656000000000006,55.224000000000004,25.84800000000001,52.128,28.296,46.728,32.208000000000006,52.199999999999996,44.928000000000004,43.199999999999996,24.336000000000006,39.768,33.84,48.431999999999995,39.072,49.296000000000014,50.376000000000005,33.168000000000006,44.760000000000005,19.704000000000004,69.96,20.976,31.944,39.072,63.72,17.424,5.567999999999996,28.032000000000004,35.832,48.599999999999994,36.672000000000004,36.239999999999995,22.080000000000002,64.248,26.784000000000002,56.83200000000001,7.608,36.912000000000006
19.512,13.895999999999988,50.352,47.592000000000006,33.336000000000006,15.575999999999995,10.968,2.6159999999999997,70.608,75.744,44.208000000000006,15.239999999999995,24.648000000000007,34.08,49.800000000000004,19.92,20.976,36.36,24.168000000000003,0.0,21.023999999999994,77.39999999999999,38.088,9.6,20.951999999999995,35.760000000000005,73.72800000000001,64.848,42.336000000000006,39.768,45.00000000000001,72.744,4.943999999999996,32.64,44.184000000000005,53.472,46.992000000000004,19.368,38.928000000000004,24.048,46.919999999999995,24.359999999999985,69.072,17.808000000000003,24.792,43.92,11.807999999999995,79.34400000000001,47.376000000000005,37.080000000000005,17.592,60.696000000000005,71.616,77.25599999999999,24.024,12.168000000000008,42.360000000000014,51.72,43.36800000000001,34.440000000000005,63.144000000000005,42.216,53.664000000000016,35.736000000000004,37.488,31.055999999999997,6.912000000000006,50.32800000000001,38.06400000000001,56.496,41.97600000000001,61.967999999999996,20.76,50.61600000000001,27.912000000000006,15.6,17.87999999999999,24.263999999999996,31.368000000000002,25.128000000000004,60.144000000000005,9.0,41.184000000000005,38.544,45.791999999999994,38.136,41.712,14.904000000000002,73.488,13.512000000000006,28.536,23.112000000000005,45.60000000000001,58.36800000000001,12.504000000000001,26.471999999999994,39.336,42.00000000000001,44.568,66.60000000000001,21.648,19.512
40.536,7.128000000000005,51.696000000000005,51.288,54.36,10.152000000000001,13.223999999999995,22.63200000000001,91.63199999999999,96.768,65.232,8.23199999999999,45.672000000000004,43.29600000000001,70.824,21.264000000000006,22.320000000000004,47.592000000000006,30.791999999999998,21.023999999999994,0.0,98.424,41.544,30.623999999999995,21.336000000000006,56.784000000000006,94.75200000000001,85.872,63.36,60.791999999999994,66.024,93.768,19.488000000000003,33.984,45.528000000000006,74.49600000000001,52.08,20.712000000000007,59.952,25.392000000000003,50.568000000000005,5.496000000000007,90.09599999999999,28.368,45.815999999999995,42.57599999999999,9.216,100.368,55.632,58.104,30.168000000000003,81.71999999999998,92.64,98.28,45.047999999999995,33.192,63.38400000000001,53.06400000000001,64.392,55.464,84.16799999999999,63.239999999999995,74.688,56.75999999999999,57.12,36.768,27.936,71.352,59.088,77.52,63.00000000000001,82.99199999999999,37.800000000000004,71.64,48.936,16.944000000000006,11.016000000000007,25.608000000000004,52.391999999999996,26.47200000000001,81.16799999999999,23.736,62.208,50.496,47.136,51.768,62.736,21.480000000000008,94.51199999999999,13.368,36.35999999999999,44.136,66.624,79.392,32.568,7.70400000000001,52.872,63.024,57.576,87.62400000000001,23.184,40.536
57.888,91.29599999999999,57.864,47.136,44.064,92.976,85.2,75.79199999999999,25.799999999999997,20.52,33.192,92.64,52.75199999999999,55.12799999999999,47.95199999999999,87.336,76.91999999999999,50.831999999999994,67.63199999999999,77.39999999999999,98.424,0.0,56.88,67.8,77.088,41.63999999999999,3.6719999999999984,24.552,35.064,37.632,32.4,4.655999999999999,78.93599999999999,69.47999999999999,62.352,23.927999999999997,46.343999999999994,90.14399999999999,38.472,78.504,47.855999999999995,101.75999999999999,8.904,70.056,52.608000000000004,58.776,89.208,15.384,53.44799999999999,40.31999999999999,68.25599999999999,16.704,5.784,22.08,53.376000000000005,65.232,35.04,59.327999999999996,46.08,42.959999999999994,14.255999999999998,35.184000000000005,23.735999999999994,41.663999999999994,43.559999999999995,61.65599999999999,70.48799999999999,34.032,39.336,21.671999999999997,35.80799999999999,29.111999999999995,60.623999999999995,26.783999999999995,49.48799999999999,92.52,95.28,89.75999999999999,46.032,85.44,17.255999999999997,74.68799999999999,36.216,47.928,66.216,46.65599999999999,35.688,76.94399999999999,22.92,85.056,62.06399999999999,54.28799999999999,31.799999999999997,19.031999999999996,65.856,103.872,45.552,46.151999999999994,40.848,25.2,75.24,57.888
50.831999999999994,42.096,88.44,9.744000000000002,12.816000000000003,46.895999999999994,28.32,35.472,57.815999999999995,55.224000000000004,23.688000000000002,35.76,57.12,72.16799999999999,79.968,58.008,59.06399999999999,6.048000000000001,13.919999999999998,38.088,41.544,56.88,0.0,42.456,20.207999999999995,15.240000000000006,53.208,56.568000000000005,66.408,19.344000000000005,24.48,52.224000000000004,43.032,70.728,82.272,41.88,10.536,57.456,18.408,62.135999999999996,9.024000000000006,44.87999999999999,48.552,20.279999999999998,52.608000000000004,5.831999999999997,37.464,58.824,85.464,54.0,55.68000000000001,40.176,51.096,56.736,20.304000000000002,26.544000000000004,25.056,89.808,78.09599999999999,40.944,42.624,21.695999999999998,49.848000000000006,42.38400000000001,75.57600000000001,69.144,39.76800000000001,66.048,31.415999999999997,53.688,21.456000000000007,61.128,58.848000000000006,57.12,38.256,53.688,47.760000000000005,62.352,52.992000000000004,63.21600000000001,39.624,47.088,58.68000000000001,8.952000000000005,83.88000000000001,10.224000000000002,21.192000000000004,52.992000000000004,54.936,28.175999999999995,9.552000000000003,41.952,25.080000000000005,37.848000000000006,50.592,46.992,11.328000000000001,78.16799999999999,16.032000000000004,57.21600000000001,18.36,50.831999999999994
9.912,23.495999999999988,45.984,51.96,35.352,25.175999999999995,17.4,7.991999999999987,61.008,66.144,34.608000000000004,24.839999999999993,15.048000000000007,29.711999999999996,40.20000000000001,19.53599999999999,16.608,40.727999999999994,28.536000000000005,9.6,30.623999999999995,67.8,42.456,0.0,25.319999999999997,31.535999999999994,64.128,55.248000000000005,32.73600000000001,30.168000000000003,39.72,63.144000000000005,11.135999999999992,28.272,39.81600000000001,43.872,51.36,22.343999999999987,41.088,19.679999999999996,51.28799999999999,33.95999999999999,59.472,22.176000000000005,15.192000000000004,48.288,21.407999999999994,69.744,43.008,27.480000000000004,13.223999999999998,51.096000000000004,62.016000000000005,67.656,22.152,15.911999999999997,32.760000000000005,47.352,35.63999999999999,24.840000000000007,53.544000000000004,45.384,44.064000000000014,26.136000000000003,33.12,26.687999999999995,2.687999999999994,40.728000000000016,28.464000000000006,46.89600000000001,46.248,52.367999999999995,16.392,41.016000000000005,18.312000000000005,24.71999999999999,27.47999999999999,21.959999999999997,21.768000000000004,20.760000000000005,50.544000000000004,6.887999999999994,31.584000000000003,42.912,41.42399999999999,42.504,32.112,10.536000000000001,63.888000000000005,17.880000000000006,32.904,13.512000000000006,36.00000000000001,48.76800000000001,8.136000000000001,36.071999999999996,43.704,35.711999999999996,48.936,57.0,26.016,9.912
33.696,24.95999999999999,71.304,29.95199999999999,33.023999999999994,29.75999999999999,9.983999999999996,18.335999999999995,70.29599999999999,75.432,43.895999999999994,15.552000000000005,39.98399999999999,55.032,62.831999999999994,40.872,41.928,26.255999999999993,9.455999999999994,20.951999999999995,21.336000000000006,77.088,20.207999999999995,25.319999999999997,0.0,35.448,73.41599999999998,64.53599999999999,49.272,39.455999999999996,44.687999999999995,72.432,25.895999999999994,53.59199999999999,65.136,53.16,30.743999999999993,40.31999999999999,38.61599999999999,45.0,29.232,25.103999999999996,68.75999999999999,7.031999999999995,35.471999999999994,22.968000000000004,20.327999999999992,79.032,68.32799999999999,36.86399999999999,38.544,60.383999999999986,71.304,76.94399999999999,23.711999999999993,11.855999999999998,42.047999999999995,72.672,60.959999999999994,34.12799999999999,62.831999999999994,41.90399999999999,53.352,35.42399999999999,58.44,52.007999999999996,22.632,50.016,37.751999999999995,56.184,41.663999999999994,61.65599999999999,41.711999999999996,50.304,27.599999999999994,36.55199999999999,30.624,45.21599999999999,35.855999999999995,46.080000000000005,59.831999999999994,29.951999999999995,41.544,29.16,66.74399999999999,30.431999999999995,41.4,35.855999999999995,73.17599999999999,7.968000000000004,15.02399999999999,24.815999999999995,45.28799999999999,58.05599999999999,33.455999999999996,27.312,31.535999999999994,61.032,36.239999999999995,66.288,1.8479999999999945,33.696
39.912,49.65599999999999,77.52,20.424000000000003,3.8160000000000016,51.336,43.56000000000001,34.151999999999994,46.895999999999994,41.616,8.447999999999997,51.0,46.199999999999996,61.24799999999999,69.04799999999999,47.087999999999994,48.144000000000005,9.192000000000004,25.992000000000004,35.760000000000005,56.784000000000006,41.63999999999999,15.240000000000006,31.535999999999994,35.448,0.0,37.967999999999996,45.647999999999996,55.48799999999999,8.423999999999994,9.239999999999998,36.984,37.296,59.807999999999986,71.35199999999999,30.959999999999994,19.82400000000001,48.50399999999999,9.552000000000005,51.215999999999994,19.752,60.11999999999999,33.312,28.416000000000004,41.687999999999995,17.136000000000006,47.568,43.583999999999996,74.544,43.07999999999999,44.76,24.935999999999996,35.855999999999995,43.17599999999999,11.736000000000006,23.592,14.135999999999994,78.88799999999999,67.17599999999999,30.023999999999994,27.384,13.848000000000006,38.928,31.464,64.65599999999999,58.22399999999999,28.848000000000003,55.12799999999999,20.49599999999999,42.768,14.712,50.20799999999999,47.928,46.199999999999996,27.335999999999995,50.879999999999995,53.64,51.431999999999995,42.071999999999996,52.29600000000001,24.384,36.16799999999999,47.76,11.376,72.96,10.968000000000005,5.951999999999996,42.071999999999996,44.01599999999999,43.416000000000004,20.424000000000007,31.031999999999993,10.319999999999997,23.519999999999996,39.672000000000004,62.232000000000006,12.168000000000005,67.24799999999999,17.400000000000002,46.296,33.6,39.912
54.21600000000001,87.624,57.072,43.464,40.391999999999996,89.304,81.52799999999999,72.11999999999999,26.447999999999997,21.168,29.52,88.968,49.08,51.45599999999999,48.599999999999994,83.664,73.248,47.16,63.959999999999994,73.72800000000001,94.75200000000001,3.6719999999999984,53.208,64.128,73.41599999999998,37.967999999999996,0.0,25.2,35.04,33.96,28.727999999999994,4.631999999999999,75.264,65.808,58.68000000000001,20.256000000000004,42.672000000000004,86.472,34.8,74.832,44.18399999999999,98.088,9.551999999999998,66.384,48.936,55.104,85.536,16.032,54.096000000000004,36.647999999999996,64.584,13.032,2.784000000000001,22.727999999999998,49.704,61.559999999999995,31.368,58.44,46.727999999999994,39.288000000000004,10.584,34.296,20.063999999999997,37.992000000000004,44.208000000000006,57.983999999999995,66.816,34.68,35.663999999999994,22.32,35.16,29.759999999999998,56.952,25.752,45.815999999999995,88.84799999999998,91.608,86.08800000000001,42.36000000000001,81.768,13.584,71.01599999999999,32.544000000000004,44.25599999999999,62.544,42.984,32.016,73.27199999999999,23.568,81.38399999999999,58.392,50.616,28.127999999999997,15.359999999999998,62.184,100.19999999999999,41.879999999999995,46.8,37.848,25.848,71.568,54.21600000000001
45.336,78.744,45.312,66.072,49.464,80.424,72.64800000000001,63.239999999999995,5.760000000000001,10.896000000000003,41.76,80.08800000000001,40.199999999999996,42.57599999999999,23.399999999999995,74.78399999999999,64.368,54.83999999999999,55.08,64.848,85.872,24.552,56.568000000000005,55.248000000000005,64.53599999999999,45.647999999999996,25.2,0.0,22.511999999999997,37.224000000000004,53.831999999999994,20.568,66.38399999999999,56.928,49.8,14.687999999999999,65.472,77.592,55.199999999999996,65.95199999999998,65.39999999999999,89.208,15.648,57.50399999999999,40.056000000000004,62.400000000000006,76.656,14.496000000000002,30.24,27.768,55.70399999999999,21.527999999999995,27.983999999999998,12.408000000000001,40.824000000000005,52.679999999999986,31.512,46.775999999999996,21.52799999999999,30.407999999999994,20.376,59.495999999999995,11.183999999999996,29.111999999999995,28.751999999999995,49.10399999999999,57.936,14.519999999999996,26.784,8.351999999999999,60.35999999999999,4.5600000000000005,48.07199999999999,14.231999999999996,36.936,79.96799999999998,82.728,77.208,33.48,72.88799999999999,35.855999999999995,62.135999999999996,23.663999999999998,57.023999999999994,53.663999999999994,56.616,43.68,64.392,8.64,72.504,49.51199999999999,41.736,35.327999999999996,22.127999999999997,53.304,91.32,57.816,22.847999999999995,63.048,1.7520000000000016,62.688,45.336
22.824,56.232,22.8,75.912,59.304,57.912000000000006,50.13600000000001,40.727999999999994,28.272,33.408,51.599999999999994,57.576,17.688,20.063999999999997,13.559999999999999,52.272,41.856,64.68,52.48800000000001,42.336000000000006,63.36,35.064,66.408,32.73600000000001,49.272,55.48799999999999,35.04,22.511999999999997,0.0,47.064,63.672,30.407999999999998,43.872,34.416,27.288,24.527999999999995,75.312,55.08,65.04,43.440000000000005,75.24,66.696,26.735999999999997,46.12800000000001,17.544000000000004,72.24,54.144000000000005,37.007999999999996,19.056,12.408000000000001,33.19199999999999,31.368,37.824000000000005,34.92,46.104,39.864,41.352,24.263999999999996,11.687999999999997,25.464,30.215999999999998,69.336,16.56,24.023999999999994,9.168000000000003,26.591999999999995,35.424,7.992,34.992,14.159999999999998,70.2,19.631999999999998,25.559999999999995,9.288,28.152,57.456,60.215999999999994,54.696000000000005,13.416,50.376000000000005,45.696,39.624,7.727999999999999,66.86399999999999,31.152,66.456,53.519999999999996,41.879999999999995,31.151999999999994,49.992000000000004,56.856,24.456000000000003,45.168,31.968,30.792,68.808,67.656,11.759999999999998,72.888,24.263999999999996,49.967999999999996,22.824
31.488,53.663999999999994,69.09599999999999,28.848,12.239999999999997,55.344,47.568,38.15999999999999,38.472,35.976,4.535999999999999,55.008,37.775999999999996,52.82399999999999,60.623999999999995,49.704,39.72,17.616,30.0,39.768,60.791999999999994,37.632,19.344000000000005,30.168000000000003,39.455999999999996,8.423999999999994,33.96,37.224000000000004,47.064,0.0,16.607999999999997,32.976,41.304,51.384,62.928000000000004,22.536,28.248,52.511999999999986,17.976,42.791999999999994,28.175999999999995,64.128,29.304000000000002,32.424,33.264,25.176,51.576,39.576,66.12,34.656,36.336,20.928,31.848,37.488,15.744,27.599999999999994,5.712,70.464,58.75199999999999,21.599999999999998,23.376000000000005,22.272000000000002,30.503999999999998,23.040000000000003,56.232,49.8,32.855999999999995,46.704,12.071999999999997,34.344,23.135999999999992,41.784,39.504,37.775999999999996,18.912000000000003,54.88799999999999,57.64799999999999,52.12799999999999,33.647999999999996,47.808,20.376000000000005,37.056,39.336,19.799999999999994,64.536,19.392,6.455999999999999,39.31199999999999,35.592000000000006,47.42399999999999,24.432000000000002,22.608,5.832000000000003,18.600000000000005,31.248,66.24,20.592,58.82399999999999,25.823999999999995,37.872,37.608,31.488
