0.0,16.055857599807805,38.29221607905316,34.00902641286604,11.00610146181449,35.14128916362677,28.834367249757317,13.265425983759894,21.758358281406267,41.34274301494761,37.995038129326566,16.68235191170964,12.505370601367677,24.194912604065493,4.520321462291037,22.130870857197625,15.373664202798501,25.771935376708214,12.09430697578368,19.928886633451942,28.33600205118742,20.452836737534593,35.89022037223158,8.802318803959022,32.40814410116125,19.382841138807407,15.614545808838832,26.3588807789399,26.369314262867686,15.273833567141379,13.761689502353395,15.141131977201056,19.836419196281675,27.074455164397666,19.05635037975316,28.27546827414974,18.466239244543935,16.75846469028443,7.244353184461983,21.939642621687046,13.050444045928794,8.122531022044887,35.45223265183731,22.72282319337874,14.31777545142928,8.443548920172542,37.29164484854756,27.24565256464725,36.81999190768016,30.966439766894972,31.47380018299638,22.996106147763008,16.61977676119137,27.57799832904365,18.41249797373113,31.503721063016133,34.193657843739,4.955353320461847,11.236747296078091,32.51790790770337,6.463220906776736,37.51625672115152,13.261315845691318,7.988295519453596,34.43030084571627,33.150083941162535,15.257046548652692,12.60225052787584,10.207085174284678,9.356451446647352,31.427902330539954,27.967666462308557,11.623476595376498,6.356186765984902,26.206876181332127,19.227240879458883,4.236783531628389,31.578822663556128,5.01946252915914,37.92031387108541,26.986761380275297,21.899750068464808,17.65364736551975,28.132180715983154,12.412245434839493,37.195342697269865,21.76173462473869,37.84857908529077,6.3196719108846535,13.052819540589063,29.437086146837398,4.707579645895438,28.612779220024702,29.141132722091132,17.774175258572445,9.26007889947433,12.699097187901,33.422474169214894,18.935773724107825,11.1780104834155,40.35794497306546,0.0
16.055857599807805,0.0,36.00543632422691,41.36730208307828,8.773877740899112,25.206349054416055,42.21082480374252,5.338562062761768,22.535757708810326,42.005653263845915,39.473638839930956,19.973775459898636,19.395390994685688,16.73547667656457,17.941504953598514,29.57675479983894,3.3924237317160464,39.560544351509556,11.337534555445393,16.985976448775837,38.98857477858489,15.720897310424043,30.76835320883575,7.581136633319653,32.63562395635187,32.18936064564672,12.100683738482529,20.25408076796135,19.179861887949457,29.895973109488597,8.991293748138036,3.0792312849349983,15.84490647572556,26.464979400972098,32.51247597273316,37.2687606776638,18.937837731884375,19.2216994725296,13.211082546135888,22.41921333433919,12.460498892623088,8.779553240458243,25.001045529157782,33.230255699852066,23.013358321298735,13.601104396935071,25.640408160016577,21.17203932028258,42.39678462971898,25.907304146963366,18.090547763054243,31.42401213682795,31.13345336398368,32.178037889979855,28.373836755801953,18.514412697977225,39.39531889730565,20.094156323850648,13.019207161038679,31.054275068015997,9.837326665226042,41.35568524448381,22.16783549677877,14.655338234769959,41.29003674851691,32.94179207793835,1.7684583393337803,8.356329630762492,21.847998086968133,7.574311041613094,21.037715403240792,37.13995944740788,14.487337187195932,11.695399409466049,22.903094524005052,31.057113944000214,14.581720734941973,21.83395072087579,20.555744020708616,42.49320099277348,41.67036474473416,25.402828060461843,24.333028196763546,16.793570198144288,5.113774914635079,24.35111932221798,28.57456668480713,43.173822000402616,22.08969396781759,27.890812180387158,29.981881875831714,20.208585768813965,41.747345021288844,20.66215706778645,2.6296271171993566,7.877455302368673,13.887788204911892,37.00367814040068,30.561344131141233,8.042211087982798,44.13320282776601,16.055857599807805
38.29221607905316,36.00543632422691,0.0,22.785146611826946,41.805158552894554,18.691508931128297,38.70371220923789,31.822647307109015,16.556308372906546,8.587185516922341,9.045322615832442,21.746577492862208,26.40590471999838,19.688278497727563,42.807557600908524,22.32079656248122,39.17216379428804,38.71822731647992,27.784652936027655,19.655502423245355,29.900627254358422,20.413544123289057,7.484678227102702,37.81570519220385,7.235016889251545,33.38814698637338,24.981966393740088,16.066159136139383,17.544723958373073,37.517134044843765,43.63993677393051,38.77489951828451,20.486919271195696,11.227681535074868,35.09144113336365,25.514192928962625,19.893766842498014,21.55249878973741,42.76220341395339,16.356837177430712,46.0600371299043,33.73716027874115,19.91915906757069,28.310166054631615,26.638152169780998,30.074747696025504,23.060513826868288,15.257499193270599,19.05423751680814,10.662044066381894,27.61790368731183,23.933417846097917,37.59162781302046,16.162150796454874,27.216605975329227,26.576736796971705,17.319249642038923,36.900273767028246,45.423285945893966,5.791394037531825,35.22900521109367,14.806765138866457,27.32533249419606,30.33174130530994,21.605659122610653,6.200692522218953,37.483530424190626,42.471856708235606,31.307705773760016,33.51544755019386,20.51449263723734,25.89969726400961,26.873772966767945,40.646563827959774,13.194399554047036,30.966254707540028,34.09386754361601,19.088654179049573,37.77444422800544,16.845777282301285,42.98359744111225,17.623465803830285,23.0255056449165,23.553618206386986,39.05242567396304,26.462180945798156,21.438032197237597,18.792090389961675,42.68599311440774,37.55264060391134,9.652174546152166,42.11017851652826,37.72625264687059,17.722182571625897,34.086906457417555,33.22977813802013,46.889634727708845,13.37688899496716,30.479132238973214,30.909450902629125,15.850617962588036,38.29221607905316
34.00902641286604,41.36730208307828,22.785146611826946,0.0,42.73188896706858,37.27593960545311,18.344427169123197,36.0338942482474,20.22706047625814,17.54855933385637,14.589971394972725,21.407578288149857,22.8030739066433,31.22591545364791,37.869227181802096,12.162262141894624,43.38777218883454,19.715031041811514,30.05967615614388,26.368015875763003,9.695236785480311,28.427576723444904,27.981055398688767,38.735278651958836,16.855360680610467,18.24844863408998,29.723465065671665,28.96581856081335,30.684325587092403,24.23407080445012,45.395230892188465,42.97547093448559,27.75561983910756,19.658043999278032,19.841033547799316,6.4981152683540735,23.036951328910956,22.214927138190255,40.894335119891096,20.527524578139527,46.17804938385725,34.524233192802704,38.43975238298636,12.507485432201578,19.896979567722514,29.029129353468523,41.804571569167315,28.858130110410613,5.062050887108255,27.109123699505705,42.77506655012177,11.012921538643889,23.511008277062075,10.123303485986566,15.739738348057314,41.95565705818076,5.494198795835771,30.027127326972256,44.6965343129849,20.278905899722396,35.00158783570265,9.174263914197526,20.956993864501047,28.39963035114423,1.3140869414905234,17.71377326447717,42.07831532283776,44.048677341212006,23.8537729014228,35.14565842493848,36.882457751564196,6.962110869204972,27.092207178373602,39.301449731789894,24.470160087213927,16.66647227097515,31.06802700592389,35.73340059898228,30.61133043532097,7.697601004500674,23.856433864571915,16.373187639228583,17.33748940231861,37.64926212790245,41.684312127598076,44.46185983055406,12.935168955926605,6.091144458665098,35.08735826767358,25.587091133090162,16.782935940279042,35.59977528018962,17.382857142857144,32.971387967293644,40.76786970151862,34.771364714109694,46.25761686865577,9.443536176147367,16.59446280897237,33.54934665868308,10.55377831559361,34.00902641286604
11.00610146181449,8.773877740899112,41.805158552894554,42.73188896706858,0.0,33.396899281709565,39.712556180222734,10.320697650837369,26.450184212930523,46.68162423070053,43.73249032703353,22.441257194947788,19.942161264977457,23.82135553640549,10.854840357355489,30.56967044343802,6.151778239680299,36.70847758393982,14.267523275192625,22.149871700001572,38.378642019557,21.5735620515444,37.537392948735196,4.163315005705753,37.27762670907611,30.02889384086804,16.823528713303485,27.015103258763094,26.300836023027934,26.268009565450754,2.815658838332078,6.1798276179643645,21.372530147316652,31.241360340394383,29.87667549737605,37.62972728455794,22.685933788070848,22.0207456916501,5.178419899260896,26.4649794009721,4.282558838367737,8.53371704069289,33.318063495678146,32.59790803354205,22.96359781240291,13.779199941230559,34.218435417899805,27.96668922347529,44.72907833814142,32.5079652405627,26.84160340719957,31.949102890538317,27.609432283558608,34.74372931236098,27.915294030626413,27.229230991861726,41.85905212612869,15.919817453573458,4.288490529359737,36.37952193647589,7.7382864738274195,44.54064321447529,21.934739569915113,14.334319599037373,42.92437583490675,37.7852254896821,7.132685328822515,1.5972323000766548,20.054358781134066,8.400857099129826,29.26512670084185,37.394057369194535,16.27737530865389,4.743493933154922,28.665984108311356,29.538316865815258,12.044122963469926,29.902273478511184,16.0246931900968,45.33770751205865,37.99086893516624,28.19900475881649,25.452940490085556,25.163250171304846,3.6764135140827965,33.08517246040428,29.860893817698035,45.64985781322158,15.725523254653659,24.05477626635695,34.39057535821969,13.787984121054428,39.439038362246805,28.30306480844469,11.359403548584398,8.728256716327861,5.390195180291032,40.21544022702054,29.162338026702752,10.912569797799081,47.40165845716578,11.00610146181449
35.14128916362677,25.206349054416055,18.691508931128297,37.27593960545311,33.396899281709565,0.0,48.407752794487834,23.45739898937942,19.86892641122549,27.205714285714283,26.75863820091275,23.413911092618875,27.55362208124221,11.05175948684652,39.050830297687334,30.679306593553,28.57406273571348,47.19178240467944,23.09771470275351,16.616319492275892,41.03626907495169,15.236615404334122,11.206892922643272,30.40924939849045,21.001511315879632,40.059449699216806,19.607187353579487,10.151018044853371,9.282900672632406,41.70540061930021,34.159469001273706,28.283246645608536,16.051903568214744,17.855337051550993,41.381184721798284,37.18970101015186,20.12449497401571,22.52653618852799,36.476459280372225,19.45608555969372,37.47267804681165,27.75091835215107,1.2401053279821819,37.06969938163645,30.06121102289902,27.198108577694914,4.5827894544342165,9.665044949587715,35.13458160402363,10.17552405509998,10.093882568472965,32.96150630598037,42.373349344769494,27.637529054618792,33.65630122644047,9.062541878861715,32.55028185714514,36.26341181872844,37.64653004580629,17.586775179790344,29.607654829280143,31.686293437963588,30.10642022518636,28.092618828672084,36.42368236099548,20.432480744827707,26.969179688326165,33.37557557403256,33.08048219178215,26.86294466208735,4.169381102215316,37.39204542712915,24.55092965528547,34.41942925447895,13.618853678272782,37.801135065562484,31.247229558827136,3.5848661489827545,37.11310984610397,33.61298582879139,50.93058325018555,23.858176880927694,27.894989675201387,8.474191310523201,29.843001435744988,7.7847448937794015,29.376720479359996,35.275255824294,41.131091174736525,40.719309163780146,20.49847779316149,39.8007711954819,47.55438768142328,6.204506591246102,22.6447020429116,26.76158684779819,38.76773284838928,28.5544017836916,37.199277149000665,24.376304988614642,33.513763971094086,35.14128916362677
28.834367249757317,42.21082480374252,38.70371220923789,18.344427169123197,39.712556180222734,48.407752794487834,0.0,37.35420310749405,28.56051448687684,35.33706338930262,31.986586984840617,26.012397672130515,23.713008571461444,39.18044535172084,30.954826335636056,17.8009318719612,42.89319968936611,3.2985636948495625,31.961127409810224,33.09637578037689,9.001436620034037,35.115438781486496,41.843480949356774,36.6641191446496,31.65247412710967,10.024292127280667,33.62196803719076,38.471909710003914,39.792622431802606,13.785436858792508,42.51457603587509,42.55532581360458,34.231092203863255,31.268613721775907,9.852595224257474,13.337319132143948,29.13266040101412,27.028306250586812,35.93643367539581,28.972402350498715,41.80178416268465,33.582152694427386,49.360147520700394,11.341849541428774,20.110266643925826,28.678970180469257,52.45921004330266,38.80404144741964,23.404577260328665,39.141617915732915,50.63094609071428,15.600941886793308,12.444498169628117,22.662293055439296,15.201084816283231,50.09944201082401,23.073298641591787,23.88061531357812,39.89614681410029,34.46344505266354,33.05961220558513,27.26463508889514,20.658508549994696,27.581216323388475,19.62008799830481,32.682990895533884,42.16323962304372,41.28783741451405,20.37016545873711,34.69267899010112,46.570665725566435,12.906192154092828,28.715595705725725,35.17881366123998,34.83066207249244,11.477088445406062,28.115461647881038,45.81695649037391,23.937893109683067,26.00239172672783,5.918060906915304,24.569350742711276,20.914988278597658,45.65935878763475,40.29086775548271,54.22818997306753,19.07460069927375,24.42857744360828,26.45951547522504,16.019942673596123,30.10763060103141,27.85858281992632,0.9895453501482366,42.75397639938517,42.76271883836409,34.36587058732093,41.242878420500226,26.01253889169292,12.05224545087608,34.42791937734636,28.894686186147077,28.834367249757317
13.265425983759894,5.338562062761768,31.822647307109015,36.0338942482474,10.320697650837369,23.45739898937942,37.35420310749405,0.0,17.47404652737357,37.31048241391665,34.621238261730475,14.652039211701029,14.168599948117526,13.509626499769166,16.30841725825617,24.244588371554638,7.706148088853921,34.828767841940014,6.001175395074617,12.311830050145813,33.76532359612477,11.425338114051947,27.2494274794753,6.95539608461499,27.88767206242257,27.33834266358948,7.108500229317298,16.70536025425641,15.985472997030007,25.583679746818188,11.845304934006206,7.2854520961226505,11.347030538463194,21.729252736571407,27.79708867445492,31.954028202518483,13.79208646215618,13.922417101896626,13.032225051614107,17.392896509195698,14.586959790112788,5.146170361322594,23.511414509656753,28.038949585844883,17.824886981924102,8.691885026052889,24.831060207337263,17.656019381733902,37.13559929089441,22.237431212682267,18.348976282404553,26.11169477612728,26.75343197515002,26.91857108740646,23.191808546844065,18.475928520479766,34.1437216866036,16.425621598525858,14.402224318004576,26.595340392862894,6.8632472828323845,36.22772869682299,17.025204844582635,9.821540674684895,35.967691624794696,28.27526040588146,6.1773780845922,10.737643111588163,17.109988489839758,3.91795865215548,19.415525031399433,31.83267478038045,9.188715350685227,11.013401854475449,18.62841805370691,26.05665789022382,10.66011448420356,19.899608446563228,17.039146285024053,37.305366249648436,37.19823432281018,20.143294828071504,19.007092124267935,15.58742035968068,7.241208603597627,24.28545142714889,23.236711278070484,37.93221967926368,19.58120298153516,23.716001314879094,25.133474872839876,17.871130521666753,36.843505782801756,18.083967417329095,5.411769486923092,4.008826995213316,15.678171488553433,31.866966838878845,25.53919820389746,2.9278675112213173,39.030355533369466,13.265425983759894
21.758358281406267,22.535757708810326,16.556308372906546,20.22706047625814,26.450184212930523,19.86892641122549,28.56051448687684,17.47404652737357,0.0,20.25252818685074,17.29648873179119,5.231689936515421,10.001340318340603,11.292459467110186,26.277947920999758,10.978457569815758,25.179799483729337,27.336574289357305,12.20157233093091,6.176783391153075,21.606073975923092,8.2037661833963,15.421493614631574,22.306394800137284,10.91282563158168,20.35018888745513,10.436339963643128,9.941231394181154,11.377718289243573,22.839137193753665,28.661401193370615,24.758844059924794,7.56380856447332,5.328892368733957,21.779013301987842,18.20132311853471,3.7690122129311945,5.0010447888008205,26.639977937111656,0.41285467127287645,30.561156618779183,17.99297822224332,20.802205534559086,17.239962119376916,11.102921843793544,13.688547276121458,23.908343347723882,10.243527772427317,20.226900657393898,11.334384745146972,23.041249966093417,13.296846948638247,23.27462803578355,10.220378202994489,13.860697040516385,22.331820438146828,17.205528299986394,20.45815240924752,29.652376165240078,10.769344246991274,19.251825463406565,18.829959627992746,11.513327149039776,13.838278765210417,19.820731261865745,11.534735473732354,23.6299595377373,27.38350225808173,15.285402400022456,18.059574881429494,18.117039898776994,18.30208552853684,10.561293983799755,24.58288105199076,6.472489979182063,18.024978586983803,17.586173604306772,17.28541581796631,21.34274698766754,20.04510261324472,31.145910728409287,4.231925310864396,8.219208959405242,17.88923470602772,24.278141340283348,25.841178339216334,9.657196956737732,20.894337090441027,26.201941663525155,22.330636043840066,7.971447004586983,25.56561593952602,27.72205134206783,14.235323699035664,21.39149707100406,17.724429353814678,31.183342492099715,14.490379637566999,17.4302650231002,15.714923623415924,21.597720968204218,21.758358281406267
41.34274301494761,42.005653263845915,8.587185516922341,17.54855933385637,46.68162423070053,27.205714285714283,35.33706338930262,37.31048241391665,20.25252818685074,0.0,3.6310497723082222,24.81606063230267,28.867925001245776,26.668032686100762,45.815779475848615,21.672700781943938,44.94678322693382,36.060504258079064,32.41487187029044,25.04573775299575,26.34089673523524,26.332639481085373,16.020245354690722,42.54861977665032,9.431002284043444,32.176156465587354,30.213482056181203,23.178575610829466,24.847198010632745,37.25793250696926,48.82278491166406,44.53265566309922,26.161128977698095,15.581801001456137,33.93144396862471,22.092613965683977,24.00329365154809,24.971471068940627,46.78829366935489,20.220143522775313,50.81161654100569,38.24517256451846,28.440253163430175,26.44438384108607,27.980047118164293,33.755413171332194,31.621848298224414,22.518779102005016,12.846052359557381,18.38837343407568,35.770172501908995,22.552417310138,37.02195575821549,14.94303632779756,26.867500738222144,34.749294516403566,12.307389517468517,38.984323379888934,49.894661936883764,11.225233964199603,39.483319753732836,8.413528464591403,28.880911851736176,33.72808676362616,16.241805469157647,9.064017219934287,43.31327326370435,47.567131852289144,32.83283224867126,38.28184628648468,28.733719649533004,22.555961427488906,30.73446566302783,44.76754655428188,19.37243739471739,29.91515512449248,37.35864394689695,27.32165411671609,39.79938303285515,10.210539572781986,40.36058089021908,19.45409164244512,24.255149842405654,31.39199794046051,44.35633705272217,34.98899138825449,21.240878570553047,12.198705853072937,44.76357155964557,37.80301251358204,12.29163179748311,44.550252112253034,34.349323850399024,25.60315414242581,40.393526254404996,37.95360820146359,51.4306399584004,9.639789988397471,29.548199572210546,35.85876786300752,8.230803268756922,41.34274301494761
37.995038129326566,39.473638839930956,9.045322615832442,14.589971394972725,43.73249032703353,26.75863820091275,31.986586984840617,34.621238261730475,17.29648873179119,3.6310497723082222,0.0,21.60666563817749,25.49456412649567,24.790734938188304,42.44417029271198,18.045110819548764,42.30718566843785,32.59215581099481,29.497612217442487,22.49433561352452,22.986065699169366,23.957993851484204,15.863924418604105,39.579920697861176,6.952480103663494,28.56253633052662,27.513986647239793,21.46067994434168,23.200271638100116,33.626901767022474,45.95720884581612,41.88918792846338,23.692377487715497,13.044723071035277,30.31789772475954,18.679705455878242,21.065453680742557,21.83823047327969,43.61613182186198,17.311332138462458,47.80855187780803,35.241461666738,27.997943947835214,22.857214999886153,24.457666883571605,30.579801256678554,31.292331198501888,20.908418380730605,10.280827410519928,17.238427884188493,34.65300411043105,18.928478059068908,33.39307566009481,11.320063459835104,23.23935437650398,33.665027453863566,9.160912529183266,35.499843977811786,46.81943081713848,9.605661595844273,36.40405494346105,5.86821810036653,25.377595775544595,30.490705174541574,13.314957677709067,6.943851780605662,40.70493366276127,44.67990974357353,29.306490191541847,35.35122340058923,27.774476023272644,19.13256525041074,27.629696534928588,41.62654255277466,17.320437379593166,26.292303521939566,34.07046575459006,26.400005565862124,36.304933043118346,7.884316646329714,36.89864905441412,16.100100139123235,20.746285430979533,30.01610506486986,41.55327085040775,34.505829143754234,17.630859772754437,9.873005869438101,41.26180306090288,34.179469670238824,9.4957502847004,41.09537974924546,30.997205930699685,24.35773790643062,38.00386231714361,35.01303827118681,48.36785979578268,6.079240016948949,25.921677950223476,33.00342394111154,6.869410455053623,37.995038129326566
16.68235191170964,19.973775459898636,21.746577492862208,21.407578288149857,22.441257194947788,23.413911092618875,26.012397672130515,14.652039211701029,5.231689936515421,24.81606063230267,21.60666563817749,0.0,4.801499765698215,13.276332171137001,21.19879087811089,9.983046854031885,22.148710747018708,24.29640638582805,8.73915888167641,7.143471973538827,20.360093019313588,9.110150427755103,20.450393938623726,18.284108858095706,15.735051214873556,16.864189326281092,8.494921411991895,13.271472551057375,14.259498230860661,18.370313229862614,24.869435384152382,21.730327908717992,8.22180078591456,10.536109338840404,18.0641794607958,17.806700871255384,3.2961573174265335,1.0206840443385747,22.009719559822678,5.494386003096287,26.37285246117256,13.912820104684247,24.18745972943966,15.128287330396008,6.647473050654941,8.976573592935544,27.022156895135257,13.854621272782772,22.580221072289554,16.033521008136898,24.619649693291905,12.116980832278143,18.977638398485556,12.413239804699636,10.813026158013194,24.0907834014994,19.623450361280316,15.227113304623327,25.27614152936015,15.95522101229,14.89197345785265,22.10401090207801,6.764915493385938,8.913906585344325,21.316699978166966,16.467746583883912,20.75972395711249,23.545388213458043,10.248231704114836,14.253066694718077,20.936896442717128,17.765757478236335,6.1639240085901035,20.03113331893172,10.9974468280003,14.767414762764341,12.58604474999909,20.386288309067155,16.112325108691277,22.966214760124558,27.761760221791498,5.758290562665417,5.20115528767702,19.66169133422781,20.753288994316843,28.425757218927128,8.824492816552558,23.426766480995667,20.97230126638856,17.597124069296214,12.761035080530519,20.3642279399892,25.27582760711288,17.34946920319619,19.391428360942136,13.889068377978536,26.836670616824254,17.77420005949922,14.162490268743168,12.310457475874166,24.962596018843875,16.68235191170964
12.505370601367677,19.395390994685688,26.40590471999838,22.8030739066433,19.942161264977457,27.55362208124221,23.713008571461444,14.168599948117526,10.001340318340603,28.867925001245776,25.49456412649567,4.801499765698215,0.0,16.888629190031008,16.951997534454847,10.649371352529762,20.920762463180356,21.541724108135362,8.374088314678847,10.942381190693778,19.59999167013567,12.548688524043833,25.238815587204126,15.932983117433096,20.103601870392907,13.919366628799558,9.980176269352507,17.531075615742974,18.278731702529612,14.221185690686257,22.592315110249686,20.52366598115752,11.667726288128886,15.25180645038482,14.79321300530781,18.026633357454227,7.7006546236442155,5.353020127908723,18.58349761679618,10.283042510138044,23.52081214757757,11.768206216370462,28.229060146145383,13.874175099582587,3.687986010863725,6.242848643341713,30.867564906634698,18.211008108463698,24.900948592700768,20.747730242223646,27.506380706880297,12.207556040821435,15.008314430368797,15.220559672189905,9.038188368229104,27.11731790963562,22.1125182017899,10.495237403854443,22.17618579301974,20.62433909887311,12.205184579196041,25.173893182405923,3.06056417368179,5.612080264746682,22.982460037771304,20.909823880030107,19.78604331856376,21.24575501417751,5.584731371319117,12.49963525998471,24.715654462510273,17.856941713152864,5.076659676341105,16.7856235863811,15.710191674482507,12.239867946466532,8.731084510797837,24.335672984157164,11.372163651761655,25.731891116048256,24.572358786378864,9.413848244767395,5.523220001382659,22.834929205862117,18.97207055712396,31.918526895577013,9.921331378727885,25.86491311820407,16.283458490387204,13.16813593799945,17.16157549496513,15.805946698012372,23.10168400964814,21.379369800375887,19.45460524673072,12.12728413158376,23.75028249026413,20.997026028483567,11.675846339991892,11.353244613999388,28.034321821652828,12.505370601367677
24.194912604065493,16.73547667656457,19.688278497727563,31.22591545364791,23.82135553640549,11.05175948684652,39.18044535172084,13.509626499769166,11.292459467110186,26.668032686100762,24.790734938188304,13.276332171137001,16.888629190031008,0.0,28.235617975333554,22.095127914339404,20.060585785086545,37.56408401869084,12.106462433471687,6.133837897021633,32.78084557687147,4.341511069587057,14.0331432759764,20.33848829491634,17.879408290442008,30.134880461156026,8.59255681698185,3.625096198582818,2.4845317384134322,31.109184941992645,25.12544656928753,19.69344239764566,5.2215690815567495,12.264633076035985,31.292195023483973,29.48868921869425,10.059585742272017,12.2915361621113,26.187199864336275,10.927478936990333,28.070778182214717,17.14591686980088,11.536990022337289,28.04790421069362,19.776126609461965,16.15080057407909,13.991396773498684,4.485666969723154,30.486598996400815,9.236866683158796,11.75236320134493,24.409171243946947,31.881336104949156,21.102864105836147,24.02810395332592,11.07090173861743,27.541193784983992,25.215085863467547,27.902194778715668,15.443887635764595,18.969049764803504,28.144922331767493,19.65443336808284,17.041103729703973,30.680470421851787,17.862865368794377,18.35782300018503,24.125360354715905,22.29448179185484,16.414274524427366,7.83503591281508,29.579993790619046,13.523030695213015,24.066843649828826,7.504734831955035,28.038215902949464,20.230605224636804,7.594305062858294,26.062758793312103,29.737447017221246,41.02511724417079,15.510373618837114,18.267152185811337,6.609677506103748,20.555493828429714,15.153859076088809,20.78054427603289,30.962510576897504,30.107903904971863,29.96458154119252,15.894165275217144,28.820222492024516,38.40687565995422,4.946806019637153,14.579624585743778,16.254050421419297,29.187520397230998,24.126280023142858,27.432669336737455,13.792374113018735,30.60976074818659,24.194912604065493
4.520321462291037,17.941504953598514,42.807557600908524,37.869227181802096,10.854840357355489,39.050830297687334,30.954826335636056,16.30841725825617,26.277947920999758,45.815779475848615,42.44417029271198,21.19879087811089,16.951997534454847,28.235617975333554,0.0,26.213670837475433,16.425192199043213,27.749250403554754,16.23371548251807,24.279618058388486,31.548879859801094,24.670215372602893,40.294208223099886,10.36500863876305,36.918765760871835,22.123486458088482,19.732173251431018,30.58827626555571,30.4901991613364,17.169476475681478,13.209414082697355,16.298250813870695,24.10125375687043,31.592406734297814,21.49149618251985,31.9182967168695,22.96405851920494,21.278429434139948,5.804167397971344,26.45743288949328,11.333814315523943,11.40403365802948,39.28589340218907,26.143958758991275,18.490659528419158,12.86854351684362,40.93325178923385,31.49262304290401,40.91631918330635,35.3381486643034,34.65162174842497,26.889236751184004,18.51178554547434,31.89447345128453,22.144643614570242,34.782523408946005,38.36591727253846,7.893927399965009,9.326281495355596,37.03550728692669,9.552140907585446,41.80092294655314,17.45514133955017,12.486462220161085,38.36840281656088,37.66588842733446,16.770726682806192,12.353947398565793,14.043432338169136,12.46534461322793,35.21812983944144,31.57724523017374,16.074269463198323,6.400372438142858,30.636664708969153,22.370896545397954,8.722952130875818,35.469913666517485,7.447284123512847,42.12689286003438,28.31188918789693,26.36324528658822,21.960167279389637,31.700220819420164,13.423470155679125,40.57604199122271,25.94263184294869,41.96675068748242,5.027769416562621,14.94033193631744,33.94917690084544,3.2107981079158376,30.86298040020881,33.163662435298804,20.059721445967185,12.480435628189733,10.476544063297021,37.764048987342015,22.165349682118986,14.730652755809729,44.62713771247449,4.520321462291037
22.130870857197625,29.57675479983894,22.32079656248122,12.162262141894624,30.56967044343802,30.679306593553,17.8009318719612,24.244588371554638,10.978457569815758,21.672700781943938,18.045110819548764,9.983046854031885,10.649371352529762,22.095127914339404,26.213670837475433,0.0,31.400997774346116,16.99576609941789,18.24426104901182,16.30519136061035,10.68730316682332,18.42546950638198,24.303952815313387,26.581496710060154,15.091800720245146,11.067357408162078,18.473637918915255,20.907856154555677,22.353319435732992,15.62019101505928,33.237365253274696,30.994347345071464,17.606457071547492,13.534521847211783,12.775017712356426,7.824451470635275,12.441333349372329,10.93520806890313,28.84346210361108,11.381165967312407,34.0407247099046,22.39931267167065,31.66692216151853,6.4967583753557525,7.836667346649393,16.886584459086965,34.833716249563466,21.156827816695635,14.704744756960148,21.35073864802636,33.81729590077858,2.320626234973867,15.486595652303935,6.7376444742376,5.195190868800232,33.16487199875612,12.198199934115403,18.571736261187375,32.594522639892254,17.32128571369661,22.840526817613522,15.923684323955294,8.901419286053345,16.23827677597168,12.406467043030256,16.121186972048772,30.161535715786986,31.89089819611705,12.224960748653649,23.06784669232064,29.094337761769356,7.7868775015721035,15.129287720800855,27.19227321223769,17.06796785005796,8.648040476410403,18.96983986463238,28.24021275285529,19.265536110699152,16.001146897670065,21.094506877577466,6.829702237510887,5.262298713974914,28.699590269421147,29.585134711850937,36.81960879527015,1.321779876082371,15.753352995862338,24.05489232771494,16.14184573317034,12.924088567714259,24.25619786145136,16.91711655847595,25.201311919203327,29.231969639071398,22.693568989239832,34.16129281117171,12.360962910778134,8.174626746768293,21.623857572748914,18.6532562129763,22.130870857197625
15.373664202798501,3.3924237317160464,39.17216379428804,43.38777218883454,6.151778239680299,28.57406273571348,42.89319968936611,7.706148088853921,25.179799483729337,44.94678322693382,42.30718566843785,22.148710747018708,20.920762463180356,20.060585785086545,16.425192199043213,31.400997774346116,0.0,40.09253989337718,13.41006505942306,19.90382426590838,40.3421659188052,18.795733775600922,34.08534594460301,6.578413678890392,35.53820134871827,32.93271805313596,14.797334564173429,23.544008987079355,22.518204880061116,30.049687831581714,5.747869880509236,0.4216585328999626,18.84138042518463,29.369171675380272,33.078629885502224,38.942855465884044,21.4880978920985,21.487844879164136,11.122914021358367,25.098717749181155,9.338059056290843,9.405681305271115,28.346578672724856,34.53635245384675,24.40314466186182,14.799092084672363,28.891207616695784,24.470550397052655,44.71581777384456,29.18982098231491,21.176869167917673,33.110437838807734,31.340406207075393,34.51388079232672,29.69456103568532,21.665051703287542,41.74034724047108,19.881768081355748,10.165829919843416,34.10891414996666,9.858350236614394,43.913820241050146,23.478705940768137,15.720458008595042,43.39405733789936,35.89380663989319,1.7040551873788172,5.342331524947601,22.589993088867956,8.46143713368757,24.40469208816959,38.77758620436211,16.29880977249566,10.024819811093758,26.015662472394414,32.02719303775389,14.81525744161148,25.217719717593464,20.209458282735646,44.96039073110773,41.884831017777245,27.751664925233747,26.139686927219714,20.141288692734676,3.020258131960487,27.45561167129405,30.484574620550607,45.537847008879126,20.979047273167474,27.939812279327885,32.81397661400535,19.044202074465108,42.49956311900302,24.049888964061218,5.934425337101536,8.826424149411023,10.842054176931148,39.55160679416198,31.57018536660234,9.852311859639434,46.723592257759755,15.373664202798501
25.771935376708214,39.560544351509556,38.71822731647992,19.715031041811514,36.70847758393982,47.19178240467944,3.2985636948495625,34.828767841940014,27.336574289357305,36.060504258079064,32.59215581099481,24.29640638582805,21.541724108135362,37.56408401869084,27.749250403554754,16.99576609941789,40.09253989337718,0.0,29.623571419959966,31.43675166269633,10.027985330858751,33.39203717862651,41.29109366832672,33.776988664848524,31.545707945708212,7.623561757967921,31.518293230491796,37.13271861629221,38.356237818532676,10.598251684853974,39.49941957723905,39.765664606952726,32.49826821131694,30.519991440873966,7.048195600612241,14.000709019946969,27.512069336632482,25.29540540679033,32.81545877622127,27.749091546078635,38.68067196512321,30.858438068055225,48.091999589222695,10.549600630800564,18.061974941171577,26.137005434081853,51.10495323251905,37.534922840643496,24.70533743868283,38.25557918494386,48.820076164777674,14.983837823413841,9.24705799877199,22.5570102230788,13.577510817524685,48.340717277868094,23.98530774776721,20.818043194521895,36.758451256486715,34.138974555095665,30.236856007602537,28.268826127242082,18.48582733460685,25.012063048840723,20.92734954989937,32.585951649414184,39.43048690999368,38.29207026132119,17.734573635721166,32.00443336636412,45.117459763490714,13.525964147610658,26.43631454137683,32.12686687976598,33.735526964786494,9.529485927415825,25.280134977681502,44.444737527378315,20.82882539527706,27.197914085683937,4.309135999388334,23.54193687521769,19.371914026786936,43.937998988370424,37.42794546913864,52.69552837010064,18.187109137394817,25.78168310396878,23.201227975946374,12.843055139106207,29.73803995572275,24.63166702454714,3.5520066188575927,41.378162829971956,40.239431164072926,31.68874183655251,38.08416029409238,26.52983841885608,10.134024323021517,31.90208796186435,30.144401856154087,25.771935376708214
12.09430697578368,11.337534555445393,27.784652936027655,30.05967615614388,14.267523275192625,23.09771470275351,31.961127409810224,6.001175395074617,12.20157233093091,32.41487187029044,29.497612217442487,8.73915888167641,8.374088314678847,12.106462433471687,16.23371548251807,18.24426104901182,13.41006505942306,29.623571419959966,0.0,8.311811119222611,27.887719482940575,8.445723951279987,24.321388923819164,10.149179518461539,23.010925532832246,22.026997164426035,3.5203014713202583,14.361274458822678,14.282315024147152,21.121294023437336,16.465176610541608,12.991435797541111,7.924989152120303,17.00185151982103,22.684813224278667,25.967326408706892,8.432647924608741,8.093988699104074,15.050217979301488,12.203258179850234,18.429528214365163,5.953485002372091,23.4651213158455,22.216435173914256,12.0620558710667,4.316461135547715,25.504481238898116,15.273285200516835,31.309193538000933,19.295159591811345,20.586879911482356,20.129247682039633,22.162399486978124,21.116472339896937,17.40169731341616,20.407345616273584,28.339922083052194,13.458234714577282,17.660521174735056,22.227947108382754,7.498486377875449,30.638204242149595,11.358679141376198,5.402720403195234,30.020916789764414,23.52991877484961,12.031232824000462,15.182514109786876,12.21612317006187,5.8670160687542365,19.50206268525439,25.853702059938755,3.298608240838945,12.912748328212516,14.882103208833332,20.5296289617256,8.1554068705669,19.55723531231407,14.255736546730791,31.60959244744983,32.332251163600134,14.37157398392779,13.01236586121534,16.567921796443304,12.14761049821431,25.80068342711337,17.237396460448828,32.14030161269651,18.038660523148266,19.516523611482427,20.124706716078204,16.715068113555997,31.38843567108038,17.053222808702913,11.120231975263533,5.5419174461184335,19.152001227558653,26.279150112061174,19.98304260708901,3.5956708664158685,33.47390771868715,12.09430697578368
19.928886633451942,16.985976448775837,19.655502423245355,26.368015875763003,22.149871700001572,16.616319492275892,33.09637578037689,12.311830050145813,6.176783391153075,25.04573775299575,22.49433561352452,7.143471973538827,10.942381190693778,6.133837897021633,24.279618058388486,16.30519136061035,19.90382426590838,31.43675166269633,8.311811119222611,0.0,26.96876015855745,2.12516121837418,16.049706463079637,18.174606191169083,15.653043258909944,24.001334656766954,5.328533894927174,6.723956561187369,7.336922560110691,25.133866574397018,24.035392271245605,19.490825471257505,1.3886772446453897,9.480852454568952,25.168545967585196,23.92214924478559,3.9700799354518743,6.158080803600539,23.35419063911578,5.924215267072278,26.405543017344222,14.198643223482838,17.288339824215367,22.044114583151263,13.665900360132197,11.503163717438957,19.986196869492762,7.5111932800185555,26.365051078413387,11.060982721960567,17.60260926854949,18.59077058705228,25.855543439088883,16.396638779497035,17.91894402865417,17.02178675961474,23.347665180650402,20.084011307606897,25.81006732866468,14.297235354274273,15.807034342148986,24.729894988099907,13.59176701581678,12.154394518956881,25.988848471949638,15.990022399187895,18.267570462769395,22.842553200872572,16.466176092282048,13.885767195666391,13.858693285870666,23.967289954333637,8.436027694673964,21.21261465279948,6.585579794102399,21.908926891817874,15.73555547549717,13.40716104725153,20.963366297677773,26.060932055316762,34.89323190323678,10.092266588728183,12.186160099029706,12.56815801612819,19.477092353085254,21.286610911125155,15.014373521559198,27.00028299171424,25.38164273161022,24.10388739923712,13.012557827901855,24.325545151933916,32.337449825619984,10.437015759266806,15.554278366745404,13.613155701866681,27.257299190926336,20.447986777805443,21.30366108231644,11.25883816096021,27.42439253880474,19.928886633451942
28.33600205118742,38.98857477858489,29.900627254358422,9.695236785480311,38.378642019557,41.03626907495169,9.001436620034037,33.76532359612477,21.606073975923092,26.34089673523524,22.986065699169366,20.360093019313588,19.59999167013567,32.78084557687147,31.548879859801094,10.68730316682332,40.3421659188052,10.027985330858751,27.887719482940575,26.96876015855745,0.0,29.082855879752397,33.54371378803899,34.74818239263511,22.982076423480404,9.839253331551582,28.706214643935088,31.480041490520584,32.977443868220476,15.838599195945195,41.17329231431462,39.95936752579079,28.25027390150764,23.37410812442359,11.115778085630332,4.391684163953318,23.064151882105186,21.360027516606902,35.55498415073734,22.000885325414536,41.24223711741374,30.97805358768741,42.074205001765776,5.81413337813775,15.9815934941496,25.548384828535415,45.30523743206198,31.66590595577521,14.678220433759698,31.326947388040562,44.50420755160031,8.381524872221846,14.862333159325134,14.12126143408569,10.64841925607088,43.851257678657284,14.103769361560106,23.719730872273004,39.526228130243865,25.974460926228346,30.95326932058475,18.33841067602231,16.869825737338342,24.63009209756824,10.899473868597736,23.995866991068713,39.308586380908,39.85596311618083,18.356310153431693,31.882013610133452,39.68171531842147,4.002517575073906,24.60761455073512,34.31419816808149,27.44242150319799,9.178155076715843,26.3345199078227,38.772883434120786,24.102113380111607,17.189490856868545,14.218964054230891,17.392169948290064,15.214640639723248,39.386459498623815,38.1279495747609,47.41792995937985,12.000306118544454,15.753838016334242,27.947484279466373,17.59950370357769,21.72173180602921,28.846294424775184,8.01239244252684,35.76126966654379,39.007655135673986,31.519314195377703,41.01997721369729,17.029079570558363,9.41211550966874,30.94878297036797,20.12723284609229,28.33600205118742
