0.0,41.67124981596412,9.086749267196598,33.54738007958419,40.302889955628615,18.055595774593264,39.82313387764371,37.22724874308592,31.838974960425656,27.49022178661989,6.673241111991648,39.56287684799723,20.440871421977,11.914964009468882,20.57503539808992,24.046693353234446,25.757962905890373,27.788608442735548,39.55471993817874,7.1192409593112345,29.899251236273397,21.498318491435178,13.309582247081867,16.68000880927678,31.760829167195162,41.95295674433253,14.347598533324993,36.63814004725744,35.2943952306011,27.722947100161765,41.26969377751422,23.39042190159669,25.59429145536248,13.073257951612053,22.859374891019293,11.55902827636811,17.70030508211652,19.5413533255995,33.70158840803338,19.187330003235505,20.507909076594757,15.140210011214291,32.32137853192654,9.028151888986596,8.958287008264977,16.242755370958964,15.713305943482087,33.27915619024458,23.932466207549737,34.62894483532762,8.242345614234445,10.929267204742185,14.416317285688207,26.973075010280237,25.028947159606364,42.13751946826931,41.02977674313908,7.661035258011139,18.655965834673093,47.23001812666281,34.92639958190799,19.01551675740158,8.948013118872268,9.876562237573003,18.94770461570693,24.530488152085187,30.37958068257328,38.47739012745548,5.501388321995438,45.49342217534849,20.666210220985345,20.080133343731582,28.582546408318372,39.82453966066241,21.67894417189553,10.59313447281699,6.295537778328975,22.8436788916786,29.25046184878705,31.59065788023609,11.928275445429689,14.955882877752858,22.6764299101377,27.338665151116977,30.459996650005845,11.095124135936322,15.557036599400991,2.4156226222366,13.52650730972338,36.069748758623255,27.795597948346472,13.931332473593324,6.620273130810438,5.691531840715426,34.819573664881105,26.756622830733374,24.561233765461225,11.516236630186484,10.926604865078222,23.461376336264603,1.0193875712447016,0.0
41.67124981596412,0.0,44.95985474593429,26.344511258882516,5.922057006114807,34.16829464845551,4.787493912182414,10.272405675758085,11.509804161528322,14.239813115031403,35.94495792180037,12.543605574806891,27.278848500444514,33.70850701081196,21.15087492762608,18.254832851849933,19.418203956544467,26.81750022592238,19.521582404913712,36.26670593235169,24.200620670063948,32.15650910081846,28.51304492004045,33.553656085957215,13.140522774056981,10.124870974234582,28.436119600943858,13.848309408349735,20.339239646254107,19.240709393345757,8.371350560338614,19.07469313953299,31.048217931705736,32.5200180736451,35.331611561181354,33.819833330911194,24.16467382822474,31.436634809776713,24.471937447798847,37.61607342070456,21.4415206588354,26.934178271921965,27.193829432128048,45.20803829553558,34.941163374438226,45.430243634991584,28.201062941322053,23.81287869697266,32.89683912611964,9.611809063302692,42.55775657736153,32.30919702259556,46.820592016063756,19.079776664076036,42.719958725043114,12.295576108370632,0.7865190683625917,36.197085010609705,25.664981303443852,15.257816999552613,8.170689277246206,40.817520847832796,38.899896647467756,31.802661421167056,23.641796264502513,41.836495736500254,19.758955603235012,25.100239855752903,37.694963881675434,12.813870036258463,21.026397403147836,21.65807159712338,29.25923653222995,24.98629501898011,23.320599985280595,32.453728693671685,45.30006081898876,19.565340450367213,16.09064222916347,18.634979616466513,44.53418663893881,34.30252730618892,19.81929301237065,25.45070048352384,17.869962940929792,46.953569076052055,34.782248815352084,42.0800822533533,31.732766815957255,11.082204157097625,30.85966656346375,29.61814446640189,38.34880132762047,43.42734735117013,18.59886237468983,18.0087325756032,26.4130876650194,47.12129896688471,34.38164864088553,40.96148594243432,40.82104139298951,41.67124981596412
9.086749267196598,44.95985474593429,0.0,41.2953495429879,44.71722747055167,14.370837818020098,42.25126936868649,42.38428857922882,36.60706522639852,31.46489589160256,9.995403025023705,45.160962734446215,19.537202189355444,20.15944605652949,24.987165358500775,26.7051272307054,26.700108690446044,35.60833472715083,38.67466565162918,15.372708390693752,37.348683773217985,29.978441233251438,18.783479497707983,25.242308507256425,37.04304875714861,47.08380197226287,16.5708393983934,37.2043842051126,42.180002612709295,28.103731468418562,46.11993486375208,25.890958787553146,22.085070402737625,21.124932169918875,18.018023629416295,19.785805672816277,21.129772785318433,27.86930899167522,41.19973568371723,28.17923334366523,23.66015508773157,18.309863517809635,40.19245497272707,0.31609866710718393,17.089838011675422,7.651650482218903,16.820882065735663,31.463097918231842,19.909441509607692,39.38807858596148,17.15964891891463,18.33110972291283,5.377613460505717,27.638560463414073,34.11538835260386,47.623252081052904,44.41981576563619,16.024473120059522,25.376640391332742,52.84222245013345,37.375902746588594,28.102168120293218,17.985087700421055,15.300660249859565,21.320601132544578,33.61573975362841,37.06418921882657,36.270984186778705,14.008410301803464,50.85245307429592,24.932575200376892,24.572047832728092,36.73729884641237,37.67738324463716,22.37852760927724,17.933272235184084,3.514954640169482,25.395139499598766,30.4239352604934,31.404858066931006,3.320054093486052,12.173166877880817,27.88903141863101,25.56287422758853,30.702565205599377,2.301233032395409,24.264653052436213,6.698361663839285,13.401044126241409,37.40032827532454,36.14326594912789,20.99166481813042,15.504622088991686,3.3986119615669756,41.426937110621,27.97236303706841,32.222735033842554,2.6531583027764927,19.233888460374374,32.541098660629395,9.87434523791583,9.086749267196598
33.54738007958419,26.344511258882516,41.2953495429879,0.0,20.839348182058412,38.82959695902083,28.886019498175575,16.118899035680105,16.860102403639917,20.188332860181134,31.613901359744784,14.944845538287284,33.89586790782159,21.649609696250877,20.846729298596927,24.888128470728972,29.857842780586214,5.760229587261186,40.56111941457318,26.432840427415748,4.355028058205263,12.97732402213608,23.35399559398951,17.47607297222726,14.539932346921743,18.432645396863972,28.58047456797406,34.222179703716556,6.2428251061616695,31.790253415864708,19.3514840437078,25.424521667886225,41.17242152069211,20.474701163999978,42.87302105863171,21.99810010349224,24.655815226631546,14.34099134136344,1.8829070012908773,18.154730872729136,24.26223671907116,26.42956044481486,1.5178932768808218,41.385530745685024,24.597371686372323,46.004338393464664,30.178635502890565,40.209253884636844,41.613515073046806,17.264184939714156,29.12646093384179,22.982792498310733,45.66896074480132,30.821241019128085,19.78544919884307,16.889194710204027,25.599802295154944,25.889375332403073,16.377028212139848,19.808606663750574,26.835033452711833,21.02771815039009,25.880247294027157,26.358847331646754,26.654342526316498,19.097304436351585,7.799773937069442,44.20991633152924,28.04951249167101,19.63749267007748,21.205714285714286,20.87527743919264,5.757882263755078,44.83140662981882,30.283821504195256,23.375126497529592,39.54986065147411,25.354888430970046,29.729026014235682,34.60959876292431,42.84340236874999,36.781417224751195,17.43131875302003,37.583539601527576,32.922074971182525,43.58968797730931,18.889032775228948,35.35986379140817,32.79261888079731,31.322903923552197,7.357242162991371,20.339297441361225,27.272523962136432,38.269818875122645,7.797644856373138,29.1837947763998,9.073107156282667,43.947987068203005,22.64472799842049,18.7363899992523,32.53387760222772,33.54738007958419
40.302889955628615,5.922057006114807,44.71722747055167,20.839348182058412,0.0,35.458892554964116,9.968390859438179,4.7940268957892815,8.506537222054817,13.258922294370809,35.164513188086396,6.623135702264618,28.660119486484906,31.081706674439847,19.892814003543887,18.595662430375793,21.169033988351952,21.987770998202336,24.50031569975691,34.26843421683385,19.15753211493312,28.045640935985116,26.995863628734394,30.106156669155812,9.220068617213347,4.503223335363598,28.214726506502497,18.354420921046213,14.695068727228163,21.642631399105586,2.678732566581685,19.468203275482566,33.575798864476106,29.814878630561317,37.390630715543196,31.24998037550404,23.58753112323958,27.65738488678042,18.956504456900532,33.70964471688742,21.13725408382275,26.407618566757336,21.8067991643872,44.93755340605949,32.756021287883,46.178558501821186,28.429189368732715,27.681006233922364,35.147560660850466,5.796263398755711,40.06911009335582,30.169090818523625,47.21184562529767,21.20638640810348,38.239447523974185,6.582901785562909,5.320613743943917,34.09229441934805,22.86624533040359,10.495237403854441,11.168620765157995,36.951188984211846,36.352235986586706,30.499127856383044,23.6920239743252,37.382506876989446,14.901334278020412,29.741809779830007,35.813016445683196,7.962151283492703,19.884192059964395,20.35637592540299,24.273038708889857,29.81142857142857,24.45600264364809,30.378444022439492,44.59546494743104,19.86272069655584,18.479530871331388,22.066426617680296,44.730211677731795,35.06003061805245,17.675607543754083,28.220626412290013,20.940138587928033,46.84237328203896,31.442004921273515,41.04136768218732,31.98873679332544,15.297778950433509,25.951047165376423,27.26665063286457,36.189091151441566,42.791984753966176,13.041794042106886,19.817795342693845,22.120597106012546,47.05855423332311,31.865292999738504,36.59871928170745,39.38162422413037,40.302889955628615
18.055595774593264,34.16829464845551,14.370837818020098,38.82959695902083,35.458892554964116,0.0,30.60124847393101,34.44925282801011,28.573085666231353,22.851177793072548,12.337951406046272,37.76986942967494,6.891023442249535,22.505359361716486,18.412035105731626,17.000745241768374,14.760318563013215,33.898468811365234,24.59904428208211,19.502514751504556,34.48288164481924,31.021017233547987,16.356855144069765,27.339568095956984,29.814715993883258,38.781523056891984,10.357478221171444,24.041138212044206,37.538363723268596,15.382063235722152,37.4318358445572,16.136528721620195,7.8170112770880955,22.70217898379459,5.056881349170838,22.200655257842072,14.27772576642458,28.724743511403506,38.08487020820092,31.921012719856243,15.465194628518551,12.43832129890098,38.165282653217695,14.686346845743135,20.233343262838115,11.628519480403446,8.652100370217997,17.17783574308261,5.900978818840835,31.062767265716708,25.197906618590036,19.490946092784633,13.719009900610946,15.262506280397844,38.93348173487698,39.87769424075549,33.78405275286201,20.109156001733158,22.859760564389653,45.03065731209332,26.054644617082165,33.277058837853424,23.773632452782635,14.886673947678497,12.734512322096695,38.18705625347576,32.48855471939466,21.903406500508783,19.287024717383947,42.71276595480798,18.1334238693218,18.24699919416441,35.88473383555992,23.31076864227942,11.008023789722749,19.14728989189022,16.77272421376505,15.828205256208078,18.281472722348138,17.94366695169829,12.283009669075904,3.1782783171434965,21.95561013332425,11.415495376630727,17.628734428512455,15.466287234379381,27.085019882599614,16.423689212443673,6.574928260646881,24.891641085279357,35.98516020670243,20.46352414439319,21.191414511060643,15.114566565038494,36.25524209809992,16.168150096749482,30.524959609861458,15.428914281904841,22.02579637884744,36.96830412940363,18.02386173484291,18.055595774593264
39.82313387764371,4.787493912182414,42.25126936868649,28.886019498175575,9.968390859438179,30.60124847393101,0.0,13.438786388355041,12.554062030649193,13.251605986614972,33.74091006841543,16.32518525069127,23.771895599807834,33.03009981634253,19.7867859431284,15.829625545096105,15.912062424847537,28.461789637824165,14.767753065793212,35.00642366708121,26.164184274987633,32.9010866392102,27.048978704926952,33.618825629915946,14.666162638216317,14.436128148446427,25.986999575533446,9.085681940643237,23.232012396690905,15.324765071275836,12.618039564408553,16.556343873240234,26.846622863661516,31.936517132126543,31.32319007915212,33.08976881152239,22.123087949202823,31.865966234866193,27.06477128848421,38.05357898370911,19.317079256978992,24.754505341328827,29.541460591472976,42.516124384203465,33.86126991121272,42.07407927618589,25.437510467329737,19.140796477574234,28.813593730624252,11.621845720847599,41.60862077080878,31.24955248659162,43.67549203021796,15.341659969255115,43.70083826777379,16.549206775491058,4.975003640650909,35.02591553669473,25.366725432812046,19.938034619535497,4.918835103508777,41.1677995823068,38.05557525729003,30.08139651556308,21.15232683683393,42.79749906864433,21.66577739671673,20.313215161664626,36.314196245815374,17.4541563964061,19.577172879636727,20.300646415766153,31.035674009508632,20.21276622254724,20.078625857526468,31.336884962990073,42.9130503911986,17.089631657940483,12.320038430896856,14.179174150557452,41.53534221673422,31.063027435673224,19.25754132694991,21.196898502433058,13.612119449900787,44.13652881129421,34.722022418291346,39.97604017102121,28.869803163407216,6.459127381513098,32.51100259598154,28.805968769244576,37.18513330318327,41.011217977524154,21.40294467628991,14.529479111974593,27.48683811186283,44.27018972129194,33.59359705755408,41.83163454826492,39.03974740634242,39.82313387764371
37.22724874308592,10.272405675758085,42.38428857922882,16.118899035680105,4.7940268957892815,34.44925282801011,13.438786388355041,0.0,5.91987313708526,11.601548102186488,32.57169022451295,3.5604769228808855,27.89477897165616,27.30377143718204,17.409599041204544,17.47839342544657,21.024531444219623,17.231027543477538,27.077168633823025,30.848046278227628,14.37066399556643,23.50200686176847,24.044847893136726,25.865004014170598,5.466878376521054,4.733726150223111,26.195278590008606,20.682734592023408,10.066842724955007,22.007008902082227,4.2528799365961465,18.33100551702787,33.63780235001649,26.00602504758292,36.97752831112431,27.50514667980433,21.456516635335966,23.268541257347827,14.239039178775155,29.222583383264336,19.33802429602025,24.210910004898743,17.04294886815216,42.58190820198701,29.234864844034757,44.57591845517542,26.75130635757317,29.083729935116214,34.93956531626854,3.4509980810052685,36.28167761573663,26.71781794829749,45.32372050942339,21.3675726085972,33.534973519888034,5.430823592969963,9.552002461285705,30.6049167718562,19.130883248756472,10.632400232020874,12.997146311590786,32.46700101798811,32.562319026877724,27.618893267220585,22.047747073576662,32.68673574827488,10.170396416330394,31.851059508856757,32.44865734148805,8.481488125106733,17.492477683570275,17.81410127066849,19.487025510972835,32.11371021345041,23.645817164728207,26.96671145191071,41.93226257785237,18.621633239052795,19.029343613675874,23.27719739073729,42.722067136412804,33.632927014933394,14.627237662410938,28.630408837529398,21.89894490049925,44.583179769587396,27.245830536664748,38.18317740490822,30.23720589618298,17.564277290418012,21.173094208625887,23.7290398164832,32.6408103140713,40.19736817458657,8.339713693514659,19.803799264437174,17.542738947949903,44.83277008472026,28.14556970248694,31.93141885673234,36.268488599693846,37.22724874308592
31.838974960425656,11.509804161528322,36.60706522639852,16.860102403639917,8.506537222054817,28.573085666231353,12.554062030649193,5.91987313708526,0.0,5.731203527842211,26.885465916569498,9.206288888691297,22.095068061743124,22.665819992190166,11.626093101998043,11.660936357544099,15.566969741692683,15.912053190418069,23.849115501504063,25.762811356286246,13.72210491379898,20.68216623083762,18.547478182728117,22.09677047231387,2.331428571428571,10.509843782213446,20.312057744008072,17.44554208889796,12.00396669132877,16.842977098809474,9.528283139781099,12.497895333019155,28.125180815745296,21.419010438469495,31.248282891600127,22.81904253120223,15.58375292097641,19.927146492835814,15.153238489995921,26.106832321780267,13.419364625002759,18.361672592881163,17.311841411624137,36.812755996823064,24.260583299682143,38.66030142306768,20.832881388295174,24.55803289336987,29.29670650849507,2.802477038446597,31.635576460042316,21.667357560936438,39.43879991550846,16.08567368683027,31.346374070168604,11.341901363114221,10.73172979951489,25.59159874901551,14.473536724177766,16.552269713035166,9.975095518953436,29.307934148991677,27.926998128867982,22.081703572257766,16.12800327988305,30.452899731237686,9.266487347161386,27.952688892600843,27.30663431386263,14.365847254754547,11.675091224570401,12.058010801529242,18.499907115045364,28.421233798205257,17.85977214928818,21.87360052666227,36.29301163967453,12.760010236065241,14.1094150068929,18.741918094942974,36.85709900329616,27.714550219650885,9.178026998861831,23.36409804702549,17.195037727466012,38.78411835706329,23.360852654273856,32.64807073088668,24.325086068602054,14.486109884708066,19.958180768593028,18.781883585530185,27.694804345853427,34.5229946439134,10.182106754458218,14.454925860503506,15.045931309812358,39.02383070977663,23.422645243526222,29.540605053701515,30.908077010545245,31.838974960425656
27.49022178661989,14.239813115031403,31.46489589160256,20.188332860181134,13.258922294370809,22.851177793072548,13.251605986614972,11.601548102186488,5.731203527842211,0.0,22.013043999466518,14.937489339079109,16.37089004349875,19.79385433380157,6.922870703365057,5.940661682379312,10.18656498150623,17.64126609367239,20.831393106931426,22.051139079282898,16.305083218907846,20.392543655333775,14.27673775119255,20.51974221105526,7.272653840074544,16.037965161784467,14.958957728616342,14.829760480815846,16.49568700587879,11.798894448382933,14.840467565107925,6.769605541216818,22.575060105689868,18.687318410830247,25.54726328248272,19.864081829744244,10.337839351091677,19.054260651612587,18.74298432012602,25.157129715255753,7.902466677679617,13.160088083570981,20.254254881785375,31.687962821158163,20.780629127598026,33.09860000738671,15.273679641655393,20.05292996048208,23.647327156206323,8.251485951521898,28.47428571428571,18.150756435577925,34.007907363807405,10.914185489442591,31.25338446978705,17.03210797408284,13.570301306567233,22.0057736394199,12.173903168965447,22.210402416665126,8.919838929633888,28.179900783417697,24.872513474327683,17.613733046595623,10.534435660911198,30.34065367301968,12.433157774471374,24.053841646589085,23.460781343009224,19.949609172173,6.825462531983472,7.425944590503252,20.289387997328124,24.733121146200958,12.144319911894982,18.272966985385256,31.44055148293395,7.029930182252659,9.541659462909081,14.421616428409239,31.492809674979615,22.07513477898162,6.0377181796044885,18.074279391173636,12.735296924496971,33.58392472597567,21.556704908928275,28.023076787766563,18.81033931927126,12.404252068857481,21.420924349803396,15.592208415272875,24.163743459141084,29.611550421539004,14.828581337734095,9.24915528409961,15.67458152942046,33.79963723993233,20.383924037919527,29.28873573263835,26.620737658250334,27.49022178661989
6.673241111991648,35.94495792180037,9.995403025023705,31.613901359744784,35.164513188086396,12.337951406046272,33.74091006841543,32.57169022451295,26.885465916569498,22.013043999466518,0.0,35.25272164916447,13.816132540162858,11.503674656919191,15.282085550588642,17.913170163489276,19.192781806434095,26.018209635812013,32.88225673768857,7.497604515402751,27.554635300265037,21.133332989978317,8.788285338089189,16.707919666787863,27.177868547321918,37.29360704639083,7.858555717126632,30.075377955790902,32.217572591265615,21.097279058529544,36.41338170709964,17.190217436385264,19.4338690256501,12.157585689433503,17.36553659477558,11.142909889985042,11.781720881890532,18.888044809738613,31.40206466629419,20.631483767508808,14.518876664254599,9.022974757217694,30.59110074675246,10.152060211140016,8.672405216829869,14.6336152019093,9.062655375163486,26.657363343139608,18.015389339706886,29.68418750370476,12.877298487125726,9.007050299739685,14.0556061877858,20.37648344418193,27.36801708534386,37.7440908201103,35.34709987237644,8.16275463708827,15.463854893372002,42.94611450434611,28.822628865075394,21.48560866235436,11.57000626179429,5.334707306011857,12.625955773076088,26.699993120842954,27.086934873040292,31.878201880000084,7.004970829812967,41.01051930758194,15.28032588604292,14.833485560634456,27.38675920206399,33.213824512927,15.048587431166734,8.600487883645592,9.432622506330823,16.65337472694103,22.753279736677747,24.933247044122936,11.229565931967638,9.161425786905635,17.988543292771602,20.748041854987818,23.832425176551343,12.278415107456683,16.061860008690633,6.257800356844446,6.965254877619634,29.64859992564607,26.996756267736902,11.294801404872512,8.9217002131812,7.6376575103167585,31.4376257087599,20.248065667250934,22.579459692384138,12.588507878706073,10.760867880938804,25.514175651658302,6.252162401431805,6.673241111991648
39.56287684799723,12.543605574806891,45.160962734446215,14.944845538287284,6.623135702264618,37.76986942967494,16.32518525069127,3.5604769228808855,9.206288888691297,14.937489339079109,35.25272164916447,0.0,31.29581519915389,29.09806978660479,20.31500902871408,20.8625261154628,24.546620034172545,17.23739646044883,30.386602848180654,32.95267850127153,14.174199037947325,24.163743459141088,26.579108567536608,27.078606662372973,8.165562329886734,3.5089297164665534,29.21027160686697,24.037990340122796,8.704672918165556,25.56243736582317,4.5245777793770605,21.70288422476306,37.157909038072,27.78231003751143,40.424823652638715,29.332410436935053,24.467998258449956,24.26530100066886,13.090645359124483,29.944626447181218,22.505228780196383,27.164181097428237,16.101998354875338,45.34574443953379,31.264097424283683,47.67622125828962,29.897383681860994,32.615735278467994,38.42372098969434,6.975184000206351,37.986405301832676,28.83647689992659,48.30521330718933,24.91382699446643,33.596238856546464,2.6167435752812143,11.92173251345831,32.65217960034309,21.09853268909127,7.6980782123374984,16.40930547349427,33.1656561976453,34.29227080166453,30.1615552026897,25.241423679890865,32.78908330029172,10.620439285276522,35.28516830115475,34.588228267632864,6.016532325558453,20.441015191051942,20.682244381426816,19.178682042777577,35.50610180386072,27.055197999192504,29.116995247533662,44.52223108992281,21.96561320030256,22.589817464097056,26.817724872683343,45.65782370313025,36.83129991001165,17.27328100664995,32.182366574994866,25.452495968380155,47.39060924801409,28.511560705747954,40.666051428378324,33.33475186097315,20.91864825694909,20.931772548946164,25.808114528384365,34.614654912246024,42.83623718683202,7.371926893455263,23.340955334312415,18.234907989560988,47.65646762111569,29.992025062455163,32.144315395492534,38.58191095657685,39.56287684799723
20.440871421977,27.278848500444514,19.537202189355444,33.89586790782159,28.660119486484906,6.891023442249535,23.771895599807834,27.89477897165616,22.095068061743124,16.37089004349875,13.816132540162858,31.29581519915389,0.0,20.976161396661105,13.050218858122568,10.434157408067337,7.883664329821892,29.462203251083633,19.38174188166138,19.38772260362475,29.554688429473675,27.961529256593725,13.639133373630212,25.085817116613185,23.528151440435806,32.10873617530765,7.6627229134935835,17.726692429491628,31.861617622949094,8.738032282113936,30.703508009373007,9.60244866730165,7.5517739502661465,20.76806732481776,9.247693590009021,20.753204030968817,9.505076624238914,25.76007351998635,32.931535658337076,30.050176813633097,9.69087094083069,8.918389165433545,33.42331826856263,19.836026593559712,19.49214472864515,18.311789444318688,5.541917446118429,12.842139817882407,7.718570238756155,24.46984182996844,26.02974499471318,17.919411433483216,20.06827529882396,8.479668842205417,37.15541765643995,33.3026551616583,26.89303437619458,19.847149797944308,18.909465074077453,38.401630067442895,19.176000306505575,31.9945148360127,23.71105657877001,13.758710191091643,7.258739981735738,36.32816953881404,26.993310735991535,18.065619167865997,19.761320289693113,36.04027135280301,12.697569749799381,13.02969919930962,31.711042305191302,19.39781515153346,4.2512211930988775,17.676380643476232,21.135363150658282,9.38452047202178,11.471441024721933,11.86881353353727,18.1787047427051,7.521085462259572,16.521748190349168,6.955966459648512,11.217927343210553,21.093183346130317,25.200728852433567,19.502424339092844,6.934746585426294,18.24426104901181,32.100447450629275,17.850267019096975,21.484514404185944,19.267534288305303,30.436528537068003,9.288106944487927,26.28084426935718,21.148874047319577,20.790264597662446,35.104352425072214,20.068275298823956,20.440871421977
11.914964009468882,33.70850701081196,20.15944605652949,21.649609696250877,31.081706674439847,22.505359361716486,33.03009981634253,27.30377143718204,22.665819992190166,19.79385433380157,11.503674656919191,29.09806978660479,20.976161396661105,0.0,13.506885318992246,18.809097234463707,22.57506661458746,15.88942197225075,37.056529128082246,4.845731132046185,18.122140703390134,9.829063110625198,7.595756065335541,5.214867286549728,21.96639585682584,31.892059276534006,13.332095997009226,32.4996472194354,23.79962681923172,24.94304565466319,31.52748538488088,18.52460030139735,28.160877769250977,1.3186635163633518,27.48265204206658,0.37440565144871313,13.170545988403559,7.716951920206289,21.87662996842773,9.416360924541097,15.42663797409123,12.257814167430723,20.40882162203394,20.200658708193103,3.0698640533617176,26.004787628277924,15.479316548747446,32.6147080881229,27.408233531297167,25.287335541244953,8.99207814622154,3.081234843900301,25.02176032568289,23.939826606706735,16.45006990866604,31.714452509213892,32.97776467963385,4.257576200379838,8.216705730475232,36.581242433235964,28.478377619463068,11.026602340869712,5.271811832757307,7.630497349184938,15.549714873690169,15.687915536410532,19.146046642605267,37.810074459226406,6.41413235578679,35.114145762827,13.80607851932013,13.017739858378189,16.69418571643115,38.96820305043064,19.773035442547634,3.3814910369026676,18.037324567435725,18.031710842800454,25.16263702477974,28.995220999611757,22.234754924006072,19.55392167983764,13.905234956075843,27.445200316415313,27.447636231447646,22.400303204945004,4.6230125349126165,13.846760175107345,15.990031588589238,30.981866981068986,15.99995306115564,4.261715664865885,5.733126083898513,16.932040874131662,23.54570648499533,23.014488426880582,12.733116071801089,22.7889188969068,0.9966474413999046,14.466662027022043,10.907923351249524,11.914964009468882
20.57503539808992,21.15087492762608,24.987165358500775,20.846729298596927,19.892814003543887,18.412035105731626,19.7867859431284,17.409599041204544,11.626093101998043,6.922870703365057,15.282085550588642,20.31500902871408,13.050218858122568,13.506885318992246,0.0,5.676771143197944,10.380605149282298,16.598190213615066,24.234598307008117,15.235361659572085,16.509648384987436,16.624514969140716,7.364528331877094,15.35874676009785,12.150162508361435,22.098146934962298,8.938664466741077,19.172774063919974,19.126450965367628,12.722956914690121,21.15081240298165,5.702802748094437,20.373800703404378,12.559082249064838,22.110697383291875,13.512791219086168,4.252672629041168,14.762349240620232,19.897178961155394,20.35832477771936,3.4830809725334397,6.85221251323473,20.403082600230704,25.19020801009465,14.080214515991099,27.44358874610436,9.925699481854247,21.182169629291554,20.768668710343473,14.416939016734615,21.84016819850011,11.480455085909787,27.99080023792074,11.659978646670686,27.07217563989919,22.707298116577014,20.489221457106837,15.24015426565021,7.24120860359763,27.942462749188657,15.07913817707316,23.083460286003703,18.340333604781943,10.701153094457645,5.832729609186214,26.17278661479655,14.095109008417909,26.01521062135514,16.593834114280064,25.888103957814526,0.414630398483926,0.5145713492504115,18.988072733230428,26.98924956045897,9.571687842970293,11.554565490466068,24.70772827952205,5.362865514872831,12.106814407681352,16.512496195676924,25.347098372759895,16.897023044166744,3.546914727144233,17.318087277143956,14.825400156350533,27.1761654275753,16.11122159317815,21.172594531225347,13.165234366252935,17.493410071177298,19.605351206197945,9.24769359000902,17.400008444755162,22.91756371280796,17.871541623486205,10.343679525316363,13.623222670072135,27.423620981830645,13.957033776441712,25.016879852432044,19.69994758099314,20.57503539808992
24.046693353234446,18.254832851849933,26.7051272307054,24.888128470728972,18.595662430375793,17.000745241768374,15.829625545096105,17.47839342544657,11.660936357544099,5.940661682379312,17.913170163489276,20.8625261154628,10.434157408067337,18.809097234463707,5.676771143197944,0.0,5.044196503641285,21.366589215264973,18.562619449213692,19.768033564834113,20.704462695520597,22.21816135231606,11.8044101063621,21.017170822633453,13.1572852481825,21.782285257070896,10.217142857142855,13.690651063065344,21.964041113620606,7.238123558841836,20.45884190869312,0.8731084510797821,16.787120427425837,17.97815000357435,19.609427969885363,18.7659483194037,6.394285714285715,20.413522528971235,23.654614771752254,26.031150570038196,3.6117766559194786,8.931099527802285,24.69728895309469,26.953947119227685,18.905470539675296,27.594553144874553,9.98340009971655,15.803241207203701,17.74779227431527,14.07103842823903,26.63456094503331,16.43301803177533,28.737657013268237,6.188595172095332,32.74123257001913,22.89819884191946,17.72180946213577,19.903440375359988,12.898744124913868,28.033325940125373,10.913041065904702,28.725556849720608,23.326408612890027,14.454722552910956,5.393438190079134,31.840234846841827,17.427415418336285,20.468262739955158,20.90950765092477,25.71283424474943,5.28784204277962,6.065422912051626,23.90126219876008,21.39437499981369,6.203725016603545,16.423045033222834,27.143228268139485,1.3120726709590245,6.447833997964441,10.872586009345348,26.357141463414596,16.4649445793176,7.898002847529991,12.704985362495481,9.169521831166819,28.7062248813524,21.724112813899225,24.146552548966486,13.541294665743367,12.356908668301092,24.716861302622167,14.61396145429962,22.01936439053737,25.252365417593527,20.40651756629909,4.731552793400351,18.715117102579544,28.88060658529688,19.135437368017126,30.688501070583154,23.295584936872057,24.046693353234446
25.757962905890373,19.418203956544467,26.700108690446044,29.857842780586214,21.169033988351952,14.760318563013215,15.912062424847537,21.024531444219623,15.566969741692683,10.18656498150623,19.192781806434095,24.546620034172545,7.883664329821892,22.57506661458746,10.380605149282298,5.044196503641285,0.0,26.41060640372055,14.51466591178082,22.665016106370643,25.711548425736236,27.00013605407898,15.101923110407267,25.398958037442302,17.400304008603896,24.908595025060105,11.415495376630728,10.88418886949959,26.6406673937361,2.3931944325183294,23.382461245077497,4.722538231389852,12.613275804905408,21.919038411799892,16.222659889104218,22.471434928706756,9.417671621770968,25.094531480067158,28.572082849651455,30.46999514410254,7.337323095249496,11.055973360078955,29.707265654264805,26.981016455641395,22.129894823472593,26.1640944183951,10.216639489038435,10.81911234051734,14.005882146222614,17.577657432557007,29.62183529983603,19.882048923281403,27.79242592462036,1.3647695477139534,37.33068027502202,26.309510967460778,19.054229805200414,22.926480545519443,17.58695063543027,31.24879073578655,11.294632281192113,32.99864190155314,26.604477143549214,16.965895201845377,7.2199722991158355,36.44019041595448,22.298646797050083,15.654620234738287,23.54939437671814,28.809478032234388,9.968272934973363,10.675059623214462,28.941336866009436,16.671752475737062,4.32503108399824,19.78880574095014,27.776237678847657,5.01796934292455,3.7256836107413833,6.420154489844412,25.73102312424455,15.172600439002952,12.929669724462165,7.889905718378254,4.920746583474454,28.461324993895897,25.957167230116717,25.38927171793919,13.340711971943898,10.702484929840796,29.73617215940676,18.57621388897586,24.92781873607828,25.863759847891174,25.003225914318516,1.4094723285321948,23.730383520727525,28.56420308636639,22.741083922258053,35.26429471338755,25.15259681485417,25.757962905890373
27.788608442735548,26.81750022592238,35.60833472715083,5.760229587261186,21.987770998202336,33.898468811365234,28.461789637824165,17.231027543477538,15.912053190418069,17.64126609367239,26.018209635812013,17.23739646044883,29.462203251083633,15.88942197225075,16.598190213615066,21.366589215264973,26.41060640372055,0.0,38.46973260279582,20.675742663659687,3.112125069623584,7.610192949899095,17.995403494747638,11.830832082110792,13.838278765210413,20.682933514748587,23.554123517844545,32.370807710601454,9.357001089438597,28.544730955223983,21.143926613878065,21.760411160581295,36.913766471359175,14.7170105660083,38.17838986994114,16.237905766245518,20.00744759292583,8.67977240367464,6.191989558605338,13.200768066708104,20.081252908305967,21.463110450353685,4.584584640567845,35.691445039106945,18.841458412289658,40.51179238751329,25.3002379596779,37.106362730696745,37.12625607027887,17.22556050449092,23.51252692606602,17.278996569505406,40.06754786403499,27.518424254840387,16.380535985848372,19.617301817840413,26.03555308592072,20.129787857393666,11.094170559720238,23.49215761456906,25.530831301365325,16.30149611263347,20.188565767659227,20.824225296122624,22.218214259880547,15.560615905128524,7.099212948615917,41.495874788824445,22.289999587991314,22.77936767859755,16.99233344536198,16.52080543571947,2.655981312941391,42.262706095689275,26.169737936660148,17.675482847083725,33.80738767228977,21.590337975065395,26.919706460479233,31.78363845549134,37.24028365266049,31.662815376258315,13.509463349815196,33.83142314234998,30.056273751693418,37.89801480988961,13.272347192565453,29.61499895771239,27.662697199053646,29.71272578322944,4.057682056725167,14.723409099464844,21.521169075292978,32.5499297469382,10.015669356216847,25.954410265789086,3.4614990264629695,38.26147846978573,16.884626505934264,14.908767452032231,26.775628272512208,27.788608442735548
39.55471993817874,19.521582404913712,38.67466565162918,40.56111941457318,24.50031569975691,24.59904428208211,14.767753065793212,27.077168633823025,23.849115501504063,20.831393106931426,32.88225673768857,30.386602848180654,19.38174188166138,37.056529128082246,24.234598307008117,18.562619449213692,14.51466591178082,38.46973260279582,0.0,37.10734874135102,36.9703550296776,40.58878341088224,29.615956537526404,39.57745554927832,26.173415395576246,29.002983660728585,25.49009699663693,6.440286468466934,35.81039456894706,12.20298123494452,27.179041745508272,18.664816623579153,17.91901783022719,36.35042913033054,22.93115232470395,36.964042980569474,23.926202867849074,38.896897310815966,38.93173051402064,44.59271030387026,21.669446184874765,25.469768874699515,40.82742295695532,38.98299283806009,36.633912692799726,35.862402346201186,23.872097964454014,7.742348955384196,20.319203744643303,24.317878532604986,44.0545813596669,34.39563807181583,38.246878384025656,13.156067894662884,51.25112243668823,31.035295246225836,19.742000394889992,37.39665465776099,31.416492224203985,34.695762253729875,14.149764546970163,47.27285763932359,41.106390982325806,31.356160218902268,21.707717803695946,50.34549822811107,32.783776973574305,5.9274883692291604,37.9036053424893,32.19895904008863,23.84957758578562,24.627789182141377,41.11977924184369,5.517364055638254,18.03045586710192,34.303405435755145,40.49234666916095,19.114862259081892,12.133522462456595,8.137441808312577,36.8669488616477,26.50287931989462,25.870894527895032,13.184595835555173,9.611014089924884,39.997573803970674,40.252921607744,38.8134275103609,26.242898048027843,9.530950656055417,42.23847631760233,32.98835416028028,39.360003733200415,38.6375053067163,33.96598778970828,14.060759116732477,36.4097013311069,39.98805413457108,37.2474325645817,49.20893497763036,39.0667623225594,39.55471993817874
7.1192409593112345,36.26670593235169,15.372708390693752,26.432840427415748,34.26843421683385,19.502514751504556,35.00642366708121,30.848046278227628,25.762811356286246,22.051139079282898,7.497604515402751,32.95267850127153,19.38772260362475,4.845731132046185,15.235361659572085,19.768033564834113,22.665016106370643,20.675742663659687,37.10734874135102,0.0,22.788590055874316,14.615379096090836,7.9994163052368865,9.871145333956015,25.403123060452423,35.53247436773686,11.910239806355618,33.22233082289866,28.264948221413455,24.913355159554932,34.99374078142477,19.287847501068896,25.998345316263364,5.958863060986702,24.55896029176001,4.479373133985307,13.489108531685545,12.551720916240274,26.584851908942582,13.255763475036904,16.168995273772122,11.6375886414564,25.218255778102414,15.4012424624689,1.839405405259525,21.521735761877608,13.899633235507785,31.824665059077194,24.891015344858054,28.499684208776767,6.956980344244482,4.130574896983687,20.345509457913334,23.99917345515491,19.882706669108103,35.554174128492754,35.575530228239856,0.6859285379568854,11.864851194918161,40.55938050486934,30.23703095239885,13.988119740606704,4.35661355098809,5.78453956328277,15.44765486461704,19.22925067787752,23.429645271557575,37.09347486487375,1.6681506318711894,38.9393386944255,15.430714136925422,14.720804104035475,21.538886333554846,38.34351713291895,19.182918421962633,3.8923724468896985,13.191982722974789,18.749874122026437,25.73741816650518,28.97040403936544,17.594025887748817,16.379647899332948,16.631018965677796,26.235472481480688,27.578467199270236,17.592990255282047,8.951395285150822,9.00104483731002,13.34983971469932,32.12264049939016,20.83491966749621,7.145528643273124,2.267657246533324,12.107239190514349,27.86652501347325,23.376050538435916,17.4426444353475,17.987195445649665,3.883263933279606,18.05383785305744,6.103073832429166,7.1192409593112345
29.899251236273397,24.200620670063948,37.348683773217985,4.355028058205263,19.15753211493312,34.48288164481924,26.164184274987633,14.37066399556643,13.72210491379898,16.305083218907846,27.554635300265037,14.174199037947325,29.554688429473675,18.122140703390134,16.509648384987436,20.704462695520597,25.711548425736236,3.112125069623584,36.9703550296776,22.788590055874316,0.0,10.587418023680907,19.144726561171897,14.51003874873516,11.507467672989481,17.64080797816384,24.252708327617547,30.72890017756003,6.2849090393300875,27.711946882166178,18.173838115179045,21.20582515273016,36.85756145941689,16.879230082064325,38.51863053068195,18.450445489892928,20.300805654064117,11.38225041412268,3.851386180351702,16.261064051335406,19.939935930136766,22.09500820898472,3.9963820372625922,37.453062870309374,20.950345961782286,41.829899276347625,25.831060562739548,36.19837993894314,37.270842354257546,14.698628007610859,26.156904890857934,19.133648104737333,41.591147017172794,26.72177740636094,19.422040078640723,16.524264903838986,23.426151791429636,22.289439249133576,12.175592848994654,20.387066728588454,23.591243619406843,19.38878362900172,22.7168731679915,22.25590533878547,22.308021802362795,18.61699289600219,4.5004816068813716,40.353936155786656,24.43699103024439,19.670507914963785,16.873178813291407,16.52892381399889,5.116417751928092,41.03650540080385,25.981723560681523,19.513662403766325,35.764166309823786,21.112046275981484,25.798991911961778,30.688759625422115,38.7710529511229,32.463416395715846,13.125933202975686,33.369292495236586,28.981210521048045,39.64876033268086,15.975984016833598,31.59519725837961,28.480745805414802,27.939817538445602,6.819432018960559,16.35788819262587,23.836956387003738,34.40603886244508,6.908762847401309,25.102885759796372,5.40565690093371,39.996229210019386,19.116315074846835,17.995926069586996,28.880362369822247,29.899251236273397
