0.0,26.876113057159596,35.58670928241357,32.01937423702425,31.824725081775835,31.710324076887392,28.67115054317472,8.029923627867687,30.071679266006264,22.292735157811535,19.188524631951786,16.874180252198133,22.886972678083637,11.355768110865732,28.018226137968963,7.285310913203416,20.364942265309462,8.001601880440017,13.322161986704709,18.681782023988948,20.565441986051077,33.29130940099312,22.19772961363391,21.024671222161835,26.681875526893776,2.8687535514183686,27.72025973904285,36.15611050058637,35.85941939272963,19.05780765599919,17.907000569267733,11.461855817253602,32.018236130336085,14.2767068746148,20.285585512669744,11.484537253122884,22.449747964586805,26.817182429729407,13.652862449362935,1.4962483696477213,1.8145534110718968,10.113762698341667,13.359379186358098,20.534423860077155,32.604867046225486,0.5708854561833145,15.854807550045493,6.8146037661624845,5.4278194967957365,22.224350682647763,32.328087995880416,34.99992536435191,22.70855992522535,14.485876584044307,10.712104920917024,39.52358118121073,15.44560012642131,2.317584949899357,10.85884648288093,18.53117483637577,23.80404698914083,23.492895669516255,40.630820914218134,4.098971498673631,23.33106958892509,20.244865108597438,28.61610678179229,15.083503084698938,22.845692131769436,7.758577610014108,38.94694538859294,30.50564083000027,27.339245619080426,28.56551481655273,8.577769083449354,15.284979421587957,5.146998332692043,29.8657502288942,5.911179308422858,11.619569699433795,14.152754978073622,18.709486843822933,26.7829424851577,25.932706636010586,24.002608021561628,32.11188450606118,14.8659018137042,12.869080172638444,9.583455130843882,27.4805133184389,41.88342422116171,12.599428558470418,14.59815699857698,14.011514798149962,8.703052244319053,16.646597004695423,8.67430265385133,19.29701763993385,23.605365699262492,15.993697738388668,11.648088920943387,0.0
26.876113057159596,0.0,21.003715123272634,18.176117993293353,5.25380328710467,20.645609109692163,9.356687011797215,19.69636701194887,3.1987395476777327,32.588070936263456,23.393864187702142,26.386978235640456,6.4273141627696075,16.32152153771585,26.443517009594895,25.31356335634946,8.490163335848594,31.930457087174908,17.175483238901773,26.173145919948915,22.294659743113918,11.379552015858646,33.68274796099751,11.538683828314038,32.7042809405242,27.637587537590164,34.35925113816525,21.907370859123727,17.829642824950422,11.709889070389023,37.20059249034419,33.26955585725147,7.033837748298416,12.600921249120262,23.99300102028055,19.361420929471144,5.234750447241774,27.947657782186397,16.349693874685187,28.17829472976587,25.400861306302996,31.548674929320224,25.952977887411876,23.194412416505376,15.885102763152597,27.21867906045255,37.85939357190832,25.330553947067678,22.997288216355475,5.040262383840664,21.229045947397978,10.288913788091309,32.47916405881136,27.755762777249316,27.180771714953348,19.300938752679723,23.352535849715437,24.589646402583373,30.14121864199405,24.93984665190241,5.208551837593435,11.353503460004163,22.308100843982803,29.388862530154622,30.328757014437894,19.581383078457606,20.05996317167555,36.378306161552835,22.900624356518474,32.33083320160809,18.92423907294018,18.174436408744846,3.3299531160516453,24.045147331719164,35.39018611803825,38.12566032884157,28.738638713447102,14.729146448523107,30.44558397655511,37.66401194666292,16.199419490732826,36.09419513507649,1.2252046892712425,29.903575651327948,26.39613144197537,24.33770166735099,28.868785204501993,20.490082020931244,32.50768951419064,38.628316144549515,21.915961195029542,38.45103114245919,31.968261811761145,31.3495614655394,31.283802681325067,16.608765819314097,18.497071362234397,21.201452395377757,4.1239885587442,27.477064275946397,37.40268548690926,26.876113057159596
35.58670928241357,21.003715123272634,0.0,39.16037981096168,19.22860878790682,41.641831401236175,11.684954219081934,32.12474918507663,21.105781391914043,25.891560361615586,19.243573006092607,43.37480619259177,26.3266178641174,25.15766122610261,14.025214611475972,29.81753490406445,18.526551492495347,43.14524421021607,22.307132564839122,21.914211212389652,17.2650019947161,10.96419404335805,27.320492420936503,15.61850707543157,22.543091796714616,34.54152992841976,23.839945897760824,0.9046817007057429,4.540042254590745,30.248521637007148,35.37967593672609,45.89245636289702,15.943004607612936,25.34243130581191,18.734915564914875,34.46037085093068,24.34626736676235,16.76123515978559,22.094908454027063,36.21449974577495,35.02171594532601,33.909962415496835,41.61238159539557,17.914613804240993,5.123649847042831,35.595185182314545,50.682218594223485,38.000266379302644,30.175933105299496,20.270346694174737,4.297971044811819,14.796381245398608,25.430924449719612,26.649353018910805,41.441746476474755,7.7142857142857135,22.370804588999107,33.53843923205802,31.722364994059415,20.986456273958577,25.423001637196535,13.322338459925726,6.102014388039148,35.71051362937068,22.3892867967094,16.112653412768488,40.86615884537608,36.52482745213402,15.586694482729783,43.12921070836481,7.286863774867032,39.172535151609495,24.292341952784632,11.014856016363737,42.17824683557211,50.41728566550911,34.18635603242191,35.72856445992963,41.13617445727776,47.073789405353715,21.571252979417785,33.188146396333885,19.801951666336283,19.753131913905786,17.60003803335408,7.73053526673309,44.56040962695977,23.11306018294436,35.55919927474779,29.79525232691426,8.489609495598433,48.09782582383107,46.6816462644494,30.78063372065133,34.6379817482462,18.94011874195047,30.521392430856867,17.76372272070129,23.864064008890185,43.923867343950704,47.190375013105694,35.58670928241357
32.01937423702425,18.176117993293353,39.16037981096168,0.0,20.801746394503137,3.151675939002898,27.532757484383538,24.22647228103327,18.395435991194184,46.59342162554184,38.121227896364125,20.71331780989896,14.106998697274268,26.428620849374642,43.320732652518934,34.56656400249778,23.79943542461905,32.76774521584621,29.472006780561603,40.27289157632423,37.6514008195375,28.98513961269372,47.36825803623937,27.716612568005093,48.13638888298412,34.17464151163812,49.74531347016418,40.064896335412456,35.7656124892989,14.010843613983782,47.841884475886616,32.019599100092,23.966106679804188,21.94213391665283,39.018231217559546,20.589627664116193,16.13820413345491,44.30269204516786,28.69636967724421,33.51161991590014,30.20482405044544,40.545205610024766,22.809800256799754,38.419636560870636,34.03698204804262,32.55956174804093,35.247081685537296,26.734460220197192,31.036739256459743,20.372069715416643,39.3086648805817,26.53689922368782,46.65977422375986,39.89073239002067,25.691126714037566,36.57829399844578,36.63400093478455,30.381902239219148,40.02488205695888,39.1946526965095,14.514908873011803,28.51525048468068,39.908604565523795,35.87624852410387,45.21144771052606,35.13414665570361,5.287925406247786,45.88748048548887,38.90535832147609,33.53017087913023,36.30367429540622,1.764965167026342,14.869252207979043,41.34449517931804,39.87736998266929,36.12560130140058,36.15220884097724,3.485737704839361,32.32663348777694,39.05834003808421,28.868637597481005,47.57209265945739,19.3920800159998,45.674134152846776,42.22147901004793,42.198047348188986,24.563183998888768,32.80181677397563,40.77090799547528,52.85184838348627,39.04934398048349,39.42571293986104,28.21364324765808,42.329532894919126,39.62183442579743,30.795557591102952,24.210594408908122,36.245376003466326,16.07736804533958,22.380457947932694,38.45101585664757,32.01937423702425
31.824725081775835,5.25380328710467,19.22860878790682,20.801746394503137,0.0,23.631719258277435,8.776741062232006,24.852247793874966,2.6757139043550957,35.19961270658922,26.005623881564304,31.48105436089251,11.415456760954616,20.927897210007817,27.421552673406516,29.673315161152132,12.275734152367091,37.12527451970241,21.16712506868775,28.966062055799163,24.60971634894458,8.412323321976478,36.40531022041836,14.246374404509709,34.563605254129165,32.397959119395786,36.20120101739776,20.116395993196743,15.31793666501691,16.8130182796983,40.89160784117854,38.51662773718511,3.3062612215773433,17.580825361972153,26.41381085874646,24.615053631997686,10.46472792824758,29.323747846329294,20.386670314953644,33.079389476882206,30.413815335556077,35.77724553342786,31.16630833945856,25.540406402085175,14.254881011536405,32.138651153388246,43.11277248125441,30.55361670698824,27.665087406774802,9.613765640783967,20.50785175666796,5.809101936282615,35.01258922275861,31.257615561847402,32.43321653326844,15.778219035061193,26.624844006441556,29.518770506999402,34.20532718982915,27.71374432460897,10.155880572559013,13.152605080673686,19.155499450123283,34.11575876216689,32.5751907601663,21.93799499703188,23.653726461388782,40.37889648854526,24.756642151395344,37.50616602368094,15.514437252614288,21.197591699944383,6.991617137978997,24.665146193256057,40.26709356894033,43.37385763948847,33.338432317488405,17.595370448629087,35.601690397840294,42.78745190843136,20.143958632497117,39.56389077253682,5.060279898687543,31.634029726462195,28.217892716993504,24.089593993579676,34.064858665762394,24.26479838812444,36.863640623248266,40.985588706674115,18.253891058497917,43.59428908488274,37.20079393491159,35.09083815540717,35.65406442755273,19.9267925473341,23.598542327864237,23.76094617782099,9.315325095381967,32.62148784754851,42.5487924479122,31.824725081775835
31.710324076887392,20.645609109692163,41.641831401236175,3.151675939002898,23.631719258277435,0.0,29.96677834004905,24.18653023684793,21.149624399617547,47.59929685640839,39.397567934882396,19.00375988576782,15.948957358282906,27.21282110794581,45.06224592897324,34.892010663807625,25.56602975729748,31.69205707480429,30.498535260914156,41.38345720952087,39.07129433249334,31.688180761918154,48.29673483702979,29.50680640953534,49.452234467994984,34.03613589905257,51.036036248109696,42.54449963249763,38.3944358213637,14.807955942116836,48.15665660643607,30.612832843333482,26.73153606525751,22.886760810743034,40.34470453074937,20.229450344102027,18.025003042825748,45.88821377287752,29.760241934500463,33.18515773470952,29.905442819060237,40.67946541097177,21.45601671003321,39.79891045580755,36.527792270588506,32.26594489550864,33.53142857142857,25.995174434451307,31.265888042754206,22.331905975303492,41.56967890279683,29.408370320334974,47.70289171057683,40.618038417653295,24.48576762787988,39.378228730596604,37.64606557213149,30.246918547724043,40.33039224673509,40.35454059878238,16.5452818356294,30.506527103529297,42.64957161782137,35.67949162262516,46.4269622578281,36.63767081091509,3.272130928970679,46.0193989264421,40.457665856183695,32.49289630371663,39.08355633140623,2.472378017461021,17.400734678367424,43.23449303224338,39.23650986163842,34.489119491012026,36.109588302096974,6.039080886954873,31.443724658636786,37.913880932277806,29.98207301106473,48.051156413275436,21.84083425183952,47.0959340504213,43.69154702723002,44.30999150235503,22.903742497857486,33.72505881146443,40.76925011699431,53.84331008413512,41.88196825969528,38.204029277829115,26.505074754754073,42.79376685491303,39.65789459970905,32.11991409752916,24.37868590655805,37.62026462166477,18.136883606032637,20.684546139076673,37.262313839227176,31.710324076887392
28.67115054317472,9.356687011797215,11.684954219081934,27.532757484383538,8.776741062232006,29.96677834004905,0.0,23.27472273448917,9.9575359627259,27.329956652220382,18.364641270103583,33.014178772157884,14.745458242303298,17.33211528948972,18.704184842228354,24.72583049924817,8.64294167609192,35.312975010350414,16.00545315235545,21.421699469539416,16.722890092960146,4.649255371584148,28.62224737678645,7.9533435402595165,26.14294145185469,28.485476428294806,27.756609802983903,12.58523916729273,8.998105923141912,19.068506357181665,34.25163878099372,37.47254864618654,6.1007620801981535,15.791400398020828,18.565152346066355,24.615387919936985,12.834494337447007,20.719041818519287,15.411514380819431,29.668080559443556,27.63055274325795,30.279168025666277,31.755873890205137,17.649668320870358,6.6000222634132815,28.84651855342446,42.269214155294186,29.323011232734988,23.689543030197772,9.061098730511752,12.026969693152132,7.482636226488572,27.074742805042188,24.569159363656194,32.17353964146974,11.565280906617854,19.783755859754418,26.39225674940532,28.408176460236206,20.188849620015297,13.784530815226116,5.819741210320443,13.860336598086096,30.02024133473811,24.4370932504382,14.212762301709613,29.195740254009518,34.28976404653941,16.48683927827754,35.495311331647905,11.054644235961343,27.49958485771992,12.673720198642128,15.898537476055806,36.518792478416266,42.24928353456037,28.87545727175695,24.082206150210254,33.48986907427745,40.22929301300895,15.000852220688623,32.614964888742065,8.142135306351696,23.171918261515756,19.854033877892164,15.419740329744034,34.751362210857344,18.394381573442143,31.628130078221478,32.83141800415061,14.17506980870403,41.161231611251644,37.33420295391454,28.66829066749391,30.491206360295465,13.64796463856462,21.743935396579257,16.1589502588933,12.250427730974817,33.7901543443093,40.161452124328044,28.67115054317472
8.029923627867687,19.69636701194887,32.12474918507663,24.22647228103327,24.852247793874966,24.18653023684793,23.27472273448917,0.0,22.83821073087283,25.566805647565914,19.565498163025314,12.888259488893805,15.0748499840236,7.203468552279065,27.776179487805297,11.062457194659487,14.631898059251451,12.313548536105275,10.897586327031412,20.314466545307265,20.265757587917722,27.68622379009282,25.902148047399226,16.571007876433356,28.880906763988627,9.954466129249088,30.2270137324823,32.830249863844294,31.45585361312918,11.028028113930102,24.12567706568151,14.199015775031446,25.551536396954646,7.570565988600528,20.708472090584824,4.428368658952395,14.893187046705725,27.342572322744065,10.700905931513557,9.514455596938925,6.266365023859118,16.517763351085065,10.120646910032534,20.59542885680991,28.306641609058346,8.523655438883972,18.994912315605752,6.0490970822267425,7.341067041385907,15.506128873869878,29.589172316361722,28.72369994926681,25.834291402027997,17.793996694597507,9.343910818696587,34.705903749967966,16.443539020241474,6.172595127840874,16.35336026132656,19.677558335342734,16.07847388432682,18.997519064663283,36.40468056921993,11.68023762688106,25.508444700146025,18.91510572240599,21.233807468088163,21.847083399420264,22.389286796709406,12.658650668009363,34.16019165457873,22.786623358488914,19.718228177221697,27.42635348175404,16.47602488218464,18.995871517092272,11.941387469380496,21.918052944957473,10.7512095190471,17.976458074324853,11.209908153786385,24.288379685666598,19.8046896116108,27.337262302653524,24.592801335980823,30.34625162610865,12.835467443369405,12.610025166266624,16.588847987458934,31.501860003394548,37.2346053656366,18.754708796481385,14.574705513880085,19.084088895716025,15.47141669963929,14.209856883623466,1.6034758164305285,18.747303479570117,16.08370045754904,12.801077760748688,17.706339231461474,8.029923627867687
30.071679266006264,3.1987395476777327,21.105781391914043,18.395435991194184,2.6757139043550957,21.149624399617547,9.9575359627259,22.83821073087283,0.0,35.09873048462939,25.876318067582446,28.922779102645162,8.869022448030753,19.48888788567496,28.147736197805045,28.43964866742433,11.35220917095983,35.031884718621335,20.17979349017532,28.74517230096638,24.637154619701963,10.599346918656867,36.24372193348575,13.968399321033056,34.87078796157644,30.832085063903072,36.52168134359732,22.00583373488373,17.43887002517944,14.289134447730065,40.14273350260572,36.27385227934405,5.5819680531994065,15.798024159588396,26.392006210910427,22.308647540853766,8.129004758723351,29.861705734732485,19.36587531021028,31.376439880774182,28.588714770777955,34.648051098120355,28.71763733104711,25.555578807048477,16.02555510197792,30.41611012443966,40.81586126265431,28.400313306693768,26.180336600009475,8.145040308841514,21.965111482735058,8.430818102506482,34.95530720850292,30.61697488355778,30.098336790444417,18.231853712552613,26.11413129057186,27.786900452096013,33.19394141916225,27.49949936464521,7.609671611890771,13.330398588587373,21.51582236970965,32.580900878287814,32.6701301509748,21.927664383288118,21.052266153649146,39.41833283213923,25.028412915349314,35.449770616108275,17.933960487731373,18.698048353903086,4.318945449518707,25.54837907714279,38.588666624240005,41.12225555633854,31.91464586061019,15.112028997065986,33.57943977362046,40.813539170131236,19.18415162235192,38.957070249814464,3.5879389797555037,31.999731631527723,28.523705286398293,25.36566536860085,31.589281054671382,23.431376138739736,35.63870952106053,41.038385217068296,20.755752780118282,41.58963136088962,34.78312750722213,34.30173054478953,34.417260501210194,19.35868860459809,21.666055459720244,23.650166673270384,6.941333166074726,30.09630094566847,40.53993224121679,30.071679266006264
22.292735157811535,32.588070936263456,25.891560361615586,46.59342162554184,35.19961270658922,47.59929685640839,27.329956652220382,25.566805647565914,35.09873048462939,0.0,9.222825278755366,38.05974122403904,33.07677747549276,20.460737912361992,12.205003992173847,15.264364262114904,24.238860349042984,29.72463665866744,17.126563685499477,6.459582345758328,10.630686425511337,31.039054267099022,1.429039923179482,21.131379123792872,5.348928559505527,19.621683133197106,5.763697792641275,25.904581582005434,28.932206755709142,32.79150313039981,10.703569498069326,33.43307222448076,33.263760755390194,24.717134765591425,8.800899768472192,29.94179987228284,31.354679369551,9.519596973118777,17.897052544928126,21.75817594395641,23.17090998186638,13.907844798486053,34.79696397734745,9.698267465724726,26.358406938328624,21.885192086272887,37.26272788988909,28.496368834198755,18.637881109313312,27.987230324283423,21.593631714286616,34.70829577951599,0.5950818842643323,7.93049397540138,32.67317491741005,33.00331708746123,9.963053380016655,21.74710452225861,12.06849837640228,7.6643718541291666,33.17457792358726,22.064562038689633,31.99140547849994,19.439674978386503,3.5404461842645567,13.265038289289878,45.18926403111107,13.169753844568646,11.06353303720408,29.190258928733922,32.45683903278321,45.6130486163952,35.10405941988907,14.937095857396818,23.81902994991824,36.36434405248288,17.70218941837652,43.435362251022504,27.772068775689593,30.305938799690928,17.73642947755396,8.194393304733005,31.682829187213105,6.723956561187368,8.312659634802909,18.74939607190654,36.83495411830941,13.885714285714284,15.541727900154763,6.258669089791389,34.32032538735431,31.3540607662008,36.88891919240347,9.12252918742989,15.41195295468913,16.200226755782634,24.592550390186812,11.456406103849782,31.94715739007341,37.565355294038504,30.834567932627767,22.292735157811535
19.188524631951786,23.393864187702142,19.243573006092607,38.121227896364125,26.005623881564304,39.397567934882396,18.364641270103583,19.565498163025314,25.876318067582446,9.222825278755366,0.0,32.45334836974705,24.287272555049594,13.085525887601998,8.833829224946006,12.143775427462957,15.125499485765008,27.189176718176757,9.249552443667925,3.0653135139452736,1.9833181843587648,22.35602096683101,10.400007849290601,11.910252143529496,10.058183387730832,17.250050576678294,11.639545541307152,19.516651603077772,21.359986241683252,24.69315364093242,16.454374767203763,30.588593312153574,24.17689907700307,16.69774126237756,1.1490830417052922,23.577661513580594,22.4618337521718,7.835185943901405,9.848075332525744,19.28577523799892,19.358536797464204,14.880602357788216,29.57429054473648,1.4449913494550726,18.421489669205716,18.983653548271906,35.04236503061367,23.985914233830094,14.127804977043949,18.888978321783743,15.16461832620893,25.824813885968233,9.088188342400194,7.412853701510642,28.112597510289046,25.479061271273437,3.7796015339056663,17.762018638725976,12.647850829775189,1.8724206748680887,24.26964846747257,12.909072272583163,25.1920978864081,17.931993981798716,7.119240959311228,4.1522887713665,37.23397395291739,17.304778153411142,3.9523860011442213,26.902627138232717,24.900789267058357,37.278474173907576,25.988594044468112,9.793853966146523,23.9668730559836,34.434406144590504,16.19950112610552,34.84743143405293,25.09953735649731,29.674780882226628,9.531258991297198,14.518249177627222,22.47095758293085,7.93121654718665,5.040029154434623,13.697754322128414,32.06578645884878,6.97766933780579,16.59705702951027,15.246198321722897,27.203127071147158,30.744159823701573,32.97227035320586,11.541879732309727,15.810008713160283,7.331132384619466,18.243737533292716,2.245256223731287,22.964007330016706,32.31040673952387,29.977073688717105,19.188524631951786
16.874180252198133,26.386978235640456,43.37480619259177,20.71331780989896,31.48105436089251,19.00375988576782,33.014178772157884,12.888259488893805,28.922779102645162,38.05974122403904,32.45334836974705,0.0,20.06664243902079,19.77025595201446,40.56523091495565,22.92938369722775,24.894008130799797,13.629649553043377,23.627391229810595,33.12661868205269,33.111844603724876,36.805155362047984,38.240461956051796,27.8861176785811,41.66966302151399,19.72152910410553,42.96565690722519,44.16373320511123,41.87359988521334,14.680542724772732,34.780525162973674,11.801322651573026,33.31868091565426,18.11055842680209,33.595696517408236,9.169169281135693,21.212150541900385,40.219239989165914,23.312697424890363,18.051045986991717,15.432837505442338,26.985035308708504,3.5394084597426674,33.46905680274403,38.97356843727161,17.422718455147773,14.549519663857621,10.059702596326126,19.423530438462457,24.049381849580637,41.417387653013556,36.61703451027309,38.37786096494823,30.150133718862776,6.610344398079762,44.518547751218826,29.289217351462707,16.586642277471842,27.554629967630873,32.537671228586596,21.327016496759718,30.065834701975774,46.820485312499265,20.869385056897606,38.27964301541689,31.611540129954992,15.771465838465286,31.891358947373256,35.1945529180588,14.5065851338245,44.03295278098261,18.949495927817377,24.761105115293464,40.0117076743846,22.237199941190653,15.485466524111818,22.01223630026662,20.24672309086997,14.061323420166772,19.46381005971894,23.789653727824536,35.52132788472127,27.043067692184657,40.210704636289805,37.47807326304547,42.654504941878464,3.9036435099866913,25.496270075348317,26.397261453508733,43.75275282301488,47.15381794657539,19.591908367215982,7.512973269414632,30.618400230140388,25.570989301893484,26.770584527020834,14.249839526486335,31.581056062785738,22.26648621051973,1.6807869876814212,18.730938719298678,16.874180252198133
22.886972678083637,6.4273141627696075,26.3266178641174,14.106998697274268,11.415456760954616,15.948957358282906,14.745458242303298,15.0748499840236,8.869022448030753,33.07677747549276,24.287272555049594,20.06664243902079,0.0,13.965495672827196,29.217589893481517,22.976404578326406,9.692857037582902,26.835017025809954,16.213808174213856,26.649755522101042,23.670437258318657,17.577657432557004,33.97515779122704,13.616436646155837,34.210653550122814,24.2016164074777,35.838712167095494,27.21351224997596,23.65279463145002,5.422023118161478,35.82922760848199,27.74231277971155,13.459337400678614,9.432778282269174,25.120837760630483,13.746658220996764,2.0793798133489863,30.211867380422625,15.38386857214069,24.309592966647582,21.225910235043454,29.279984944793725,19.887376777796533,24.471937447798847,21.31943637498278,23.31468907214103,32.171119003839195,20.126926222940092,19.994282448046114,6.394929113551375,25.805916739684143,16.714083515260473,33.08360466997488,27.01554382505126,21.422735205231596,25.511900704397164,23.228008427547206,20.73439733035569,28.256639602625306,25.50806451109219,1.26067037560116,14.562804170424133,28.33938285157536,25.996061868157284,31.40635526482511,21.098567511099137,14.661152333807255,34.44894572007233,24.833190430123466,27.338665151116977,25.100913065757066,13.58348336797904,4.899919199667003,27.300413093981575,31.45215374994539,32.55621298741045,25.697045649296747,10.693914347965977,25.573632466879246,32.85908317252287,15.445752338624443,35.136024422875415,7.281053971697747,31.66642102303579,28.188534360405384,28.397534816836988,22.735332567147008,19.664971862866903,29.93651895840494,39.312432680582184,28.149093435215455,33.55415969225069,25.977679587189726,30.046812456157642,28.71354370043403,16.972657964130043,14.213754763952975,22.313784519705226,2.515856652092396,21.227384700534586,32.50199365941626,22.886972678083637
11.355768110865732,16.32152153771585,25.15766122610261,26.428620849374642,20.927897210007817,27.21282110794581,17.33211528948972,7.203468552279065,19.48888788567496,20.460737912361992,13.085525887601998,19.77025595201446,13.965495672827196,0.0,20.813235977058795,9.114536494534654,9.050340843733737,18.195550027859184,3.9018363023853575,14.474907211291896,13.461695317318933,21.94109591146072,21.09952161175456,9.879299322423673,22.925288416497445,11.509025384719699,24.405420608996693,25.82723763939211,24.870173924209055,12.449173073103356,21.88208324970314,20.753742126298523,20.80225497980683,4.601476249364913,14.18637460698807,10.667321068361549,12.81077352728347,20.6363689259758,3.544884212725806,12.426123896937483,10.313163373839773,15.426133140663259,17.255833441335195,13.919577755735235,21.649304273121665,11.56131621629048,25.55707945372635,12.862638825335196,6.738909255894728,11.370587190696197,22.4474635629098,23.703216004997966,20.60639884767321,13.462121008251868,16.507298571312294,28.373189414498686,10.601841965489978,9.063968586144382,14.297975309783677,13.598176348319653,14.503353588260973,12.364362218134204,29.752622522036198,13.199465666365096,19.67731191198718,11.841285092972853,24.733715236246958,20.51143394424143,15.465831199579208,18.294183752867287,27.806078912529106,25.32253009895032,17.53265128908032,20.282456076367964,19.483292685723093,25.358875272812092,12.431408543175905,23.46726282483315,16.28066087010435,22.89803199813807,4.034148115824227,21.30633708547764,16.00321294271234,21.012597970488745,17.986656278520268,23.143828551041416,20.027942113610234,6.594654607161402,16.250488218725575,26.674335291911323,30.808270821654503,23.835452243946815,21.71095989568026,16.141272235724017,15.02184857778421,7.034443540065367,5.647186042984737,11.91384171834576,13.794547281222297,19.868748920691242,22.84186489402156,11.355768110865732
28.018226137968963,26.443517009594895,14.025214611475972,43.320732652518934,27.421552673406516,45.06224592897324,18.704184842228354,27.776179487805297,28.147736197805045,12.205003992173847,8.833829224946006,40.56523091495565,29.217589893481517,20.813235977058795,0.0,20.959237406286068,19.526677512927733,36.019688493706795,16.938192564348146,10.125436952022751,7.591673204295372,21.28997234495573,13.61770995761754,15.604379291122873,8.527602242131135,26.065487385680342,9.891443426579583,13.91605151599829,17.620230487964104,30.957156964859333,22.460760886306517,39.397079348912264,24.768960826166353,23.513258092456027,7.763424449537297,31.47968207707106,27.18389078787926,2.754084165714028,17.289827137625743,28.114588848539988,28.140573076275906,22.99426583356141,37.88987178222525,7.492271936836664,15.60241111665313,27.817237351641353,43.87297917899828,32.5969569131844,22.89537516795985,23.00983995367802,9.800333188838271,25.31925717064917,11.68795926741425,15.307573155741158,36.65930958967772,21.512892385160814,12.60317161249015,26.541378399528135,20.764274657228366,9.781904159190672,28.85073592242156,15.113156857654909,20.058710561443256,26.676533140724324,8.667778473949907,9.020466524882773,43.31870765215718,24.257748604248885,5.3903042207130305,35.736455747426255,21.0084787548227,42.76066741236647,29.55512594098958,3.135221894305191,32.51729335825691,43.26812655419927,24.91765442494169,39.882480425594885,33.929382606844364,38.40662697918638,16.838108381809135,20.06927837999856,25.30302555112365,5.747588669190244,4.533823903028598,6.569830861675239,40.506975363031295,15.51614195682966,24.754309457843778,15.779262029768107,22.51444597477407,39.47876060333594,41.62480932112972,18.896328117561108,24.127918286008978,13.939630774251121,26.3330635653107,9.055989110832137,27.334902559899195,40.575607430663894,38.73782773929358,28.018226137968963
7.285310913203416,25.31356335634946,29.81753490406445,34.56656400249778,29.673315161152132,34.892010663807625,24.72583049924817,11.062457194659487,28.43964866742433,15.264364262114904,12.143775427462957,22.92938369722775,22.976404578326406,9.114536494534654,20.959237406286068,0.0,17.43874363570486,15.192943582264677,8.75209595888147,11.407988608060258,13.699416939775059,29.351475156754063,15.338872587152483,16.772776777156682,19.44061223525722,5.106874118803606,20.53311431988507,30.288207444549787,30.751447551791966,20.650832468272387,13.280504047478846,18.735456727166014,29.13028972722099,13.544072278216436,13.195824942699389,15.469745060759658,21.914211212389652,19.609727698470554,9.430519279316012,7.17376854254727,7.932550352947077,6.315764532711226,19.59002578365025,13.543866146860786,27.515610114987457,6.9864241532403115,23.020910459131425,13.233042132542035,3.721421716472984,20.29532569085697,26.207577031796568,31.755401918735146,15.636362644000485,7.3458693099161065,17.409320515641227,34.658855216206426,8.36420361067426,6.482811181603742,5.458324479402903,11.31919374066791,23.581655963040074,19.04944800742938,35.27487259700159,5.935316644751936,16.072221694715438,13.861746510686544,32.07853678784273,11.498960378917666,15.958296671420205,14.838912991709,34.069866271459034,33.27375137570522,26.64584602154868,21.78490246730988,12.362044609965436,22.34935528449653,4.372268826808062,31.874675508552397,13.122977511811492,17.611155091971376,9.779680725976734,13.244230164606062,24.893789734528944,18.648757686915932,16.811130423693967,25.513743715247802,21.570769337135804,6.73978138081826,7.200510186005954,20.82387954209478,36.82806826653955,18.673387808453448,21.74322582754811,8.022435886376432,5.983471110535442,11.347483763156571,10.550700914911687,12.593199330899001,22.908630581115943,22.347606364084758,17.87204315490012,7.285310913203416
20.364942265309462,8.490163335848594,18.526551492495347,23.79943542461905,12.275734152367091,25.56602975729748,8.64294167609192,14.631898059251451,11.35220917095983,24.238860349042984,15.125499485765008,24.894008130799797,9.692857037582902,9.050340843733737,19.526677512927733,17.43874363570486,0.0,26.72101305668462,8.896928155956127,17.790528092103347,14.243279833246387,13.101831621446472,25.28724837961309,3.9410679170157215,24.793200516204735,20.520830631237086,26.43944918997723,19.340098558303623,17.093311258966718,12.109848243879686,28.79103942236904,28.830208646699816,11.788129622633104,7.177966285794324,15.82991330052192,16.168768079989576,7.676344793438809,20.55402835535295,8.111180492356945,21.47230964830409,19.194221069086904,23.50308221211396,23.346941415726977,15.098342117394132,14.09973686250338,20.594843816759926,33.626272527320545,20.68007026396305,15.712183755523828,3.7644480854110713,17.041069239232804,14.652981865511892,24.164065747911458,19.28236923371467,23.58962414594473,20.126108538362782,14.865457014330163,18.05501795815744,21.939870332435458,16.574510058323575,9.398289032302307,5.3948819283102205,22.064562038689637,22.170195105600854,22.18458593395929,11.585033272216672,23.986091888459704,28.133397685066807,15.21971009941399,26.93310897731031,19.59226836259234,23.24228799022179,10.86886885577711,17.688945008400133,28.523679529078134,33.61219020849794,21.248127120347547,20.37440651445647,24.936611883832533,31.804343176647418,7.879842534425859,27.623532115401392,7.771029401513268,22.13992533586216,18.634853454355525,19.132688130580103,26.33294638482603,12.083221627445191,24.61199110438749,30.361398693279018,22.69170413906135,32.70765946617247,28.780656769462926,22.952442046944967,23.40893393034168,8.134208941380889,13.105599364160248,13.004775261104541,7.960970097793303,25.52558188586981,31.693026078947025,20.364942265309462
8.001601880440017,31.930457087174908,43.14524421021607,32.76774521584621,37.12527451970241,31.69205707480429,35.312975010350414,12.313548536105275,35.031884718621335,29.72463665866744,27.189176718176757,13.629649553043377,26.835017025809954,18.195550027859184,36.019688493706795,15.192943582264677,26.72101305668462,0.0,20.8578489117284,26.59453925841444,28.558790919356337,39.82283869380299,29.454546650175192,28.074672440708213,34.377413087843664,10.224920337996151,35.31414008291747,43.75901241283832,43.064174229175876,21.98771753613775,23.555021822558864,3.7446059164333647,37.86156696521189,19.840292953729183,28.28353757858418,13.266278871712322,26.967806657538304,34.789716988835444,21.051630990185505,8.074576882830126,8.154181599095056,16.366904386097982,10.429466889148108,28.53583439989024,39.837569387374494,8.221461213786505,7.853299839388978,6.711773390156755,13.287572220319408,27.818843122118885,40.06682173671418,41.02011691641961,30.185456154666703,22.147642616526657,7.260258049048636,46.54556898177027,23.440912429131334,9.701948468304327,17.774588602834104,26.498144101357862,27.951847808657792,30.559329515029667,47.93309929644927,10.304283238596678,31.077976452918602,28.147637012505236,28.426708338088943,20.27935514009159,30.83888983946427,0.8889526054261151,45.98260753718048,31.074926699636073,31.658916917800006,36.53430839356232,8.9443175439231,7.333657383069167,12.022533944596685,31.366393038487836,2.0914988278597657,6.315299207609458,21.574331687333956,24.935168181604425,32.09205127600978,33.80512749418288,31.981041833165687,40.02657810882715,10.235563452183445,20.799266863060733,15.178671394628791,34.44334051921284,48.99883813699576,6.821414061315906,8.250043413614902,20.92168253272188,14.784042141471877,24.282081072768243,13.703524349299224,27.27131706929237,28.167858365483863,12.171766594903811,5.789440070208053,8.001601880440017
13.322161986704709,17.175483238901773,22.307132564839122,29.472006780561603,21.16712506868775,30.498535260914156,16.00545315235545,10.897586327031412,20.17979349017532,17.126563685499477,9.249552443667925,23.627391229810595,16.213808174213856,3.9018363023853575,16.938192564348146,8.75209595888147,8.896928155956127,20.8578489117284,0.0,10.897855995842596,9.56001366235895,20.64525324699731,17.90414477153265,8.067713430706375,19.19905865039285,12.636565020218272,20.718339701819737,22.90625081785782,22.580155998087328,15.69679234098223,20.04896536594589,23.746811429352455,20.427625952146677,7.616561975493313,10.329976193741459,14.557596796511294,14.69418877221432,16.73628442416448,0.8441878115825217,14.072364580906761,12.71834798667673,14.637360083159859,21.014381081652104,10.029860722983596,19.322007754720246,13.374285409100615,28.491170705382835,16.182366820659063,7.9787984364687325,12.153125070515475,19.24528333416385,23.006519040640345,17.21082241391344,10.837350380296197,20.041378420148444,26.33117187374876,7.1637454574818475,11.232666646883096,13.043112186522205,9.921375809794913,16.495989865196115,10.42822700018306,27.315909694699528,14.078586431825011,16.02387708186423,8.018332057204404,28.17823215439426,19.24575670168383,11.576011790750382,20.823801923054592,25.74822902568609,28.488571285298793,19.015640393945105,16.53763352021623,20.618467648282333,28.159281066889502,12.87358948088873,26.347433751812,18.834851759871285,24.903686474094552,1.0355477698655278,19.08370391465034,16.59295744388847,17.17954645287618,14.099861918559661,19.58515722871454,23.717413907274533,3.4575914703027326,15.82003379856551,23.383322157085395,28.63062439174571,25.903605926588675,25.175346541197552,14.195082793355029,14.639197033851218,3.458016418558538,9.411693985328535,8.012007315553934,15.481300372529745,23.668630751115558,24.96591570399082,13.322161986704709
18.681782023988948,26.173145919948915,21.914211212389652,40.27289157632423,28.966062055799163,41.38345720952087,21.421699469539416,20.314466545307265,28.74517230096638,6.459582345758328,3.0653135139452736,33.12661868205269,26.649755522101042,14.474907211291896,10.125436952022751,11.407988608060258,17.790528092103347,26.59453925841444,10.897855995842596,0.0,4.9075901230977435,25.419342787631273,7.509784637799038,14.786814865871248,8.570228487416813,16.41741633703895,9.969923750552795,22.121394206348135,24.259953395988013,26.590207189251966,13.537876118354692,30.14073601203094,27.204201956345507,18.512896773297676,3.2025500043890416,24.541722907434718,24.90692551832743,8.335060936569482,11.623312254047981,18.54177324589104,19.13674273352128,12.875552534210888,30.062960870921053,4.088203038210388,21.383128959103075,18.39438157344214,34.40569720264363,24.121973723692896,14.074379676039225,21.533462142366574,17.733347347956204,28.886324707411998,6.434854072842329,5.186358873752079,28.310752554534492,28.38230262048547,3.9105634021773628,17.578150630593555,10.641462228817376,1.2523675537939813,26.725912214056777,15.919355950463293,27.935147051990377,16.808429372168707,5.228768146182292,7.2101968610787734,39.07419379089175,14.652771277899921,6.33230782961312,26.21554858771988,27.80878439982442,39.34248365835796,28.651089518764294,11.808878016136841,22.436234541655224,33.69227417043127,15.021144280986189,37.07286240001724,24.529338036110875,28.45945601614152,11.413203953745676,11.514143919722455,25.292756404366294,7.276208925431609,5.653765225448417,15.819625114885314,32.37960809534549,7.916678338695296,14.6336152019093,12.664673670634922,30.026070304973036,29.53272000714475,32.949200231847314,9.000408154010323,14.005882146222616,9.74144271257851,19.146576184577665,5.2683266134629925,25.489353359665234,32.83036175647816,28.83757752570455,18.681782023988948
20.565441986051077,22.294659743113918,17.2650019947161,37.6514008195375,24.60971634894458,39.07129433249334,16.722890092960146,20.265757587917722,24.637154619701963,10.630686425511337,1.9833181843587648,33.111844603724876,23.670437258318657,13.461695317318933,7.591673204295372,13.699416939775059,14.243279833246387,28.558790919356337,9.56001366235895,4.9075901230977435,0.0,20.585345292618403,11.901933987930752,10.756060275633507,10.558274441577728,18.782266929750733,12.19998260286481,17.546683621768786,19.39593645639231,24.506953948557843,18.401473765291026,31.875615912416784,22.633278731161536,16.664382646218602,1.8426777321305505,24.100747723179175,21.77013269484181,7.182018362208639,10.025538002765632,20.76537148864003,20.60005151568751,16.789868665237325,30.359075568728286,0.9329873022300194,16.484138572876528,20.399027587868304,36.40573401797792,25.005341470190245,15.35265130330316,17.99408882530764,13.205175237808263,24.14311411528499,10.412842933569278,9.38547553512384,29.073194049586256,23.516757377474903,5.435042759345905,19.000945196682895,14.566072965375842,3.8046716718545133,23.554591389158162,11.458329828076149,23.208794955044656,19.570281509660173,8.04001827594633,2.7149653284515227,37.036959367416664,19.288060809628277,2.280257772753796,28.315485631198555,22.939967795290812,36.88985525057212,25.029469651201328,8.0875414391898,25.71940520466273,35.84789499413046,17.869740927510012,34.31875836201252,26.467427806529997,31.299355147559528,9.629648095801818,16.419573187920243,21.315438498124944,8.028203346925876,4.65503545658256,11.895030689411476,32.94236748490011,7.926694758593793,18.49187532569978,16.40585759005929,25.224134215841293,32.364633759203066,34.03349370660542,13.524486636301953,17.670228161099278,7.007655289257684,18.862012358284613,1.550173130554739,22.180849986473664,33.06391435769608,31.571204653375297,20.565441986051077
