0.0,13.544647259628253,29.634650430238732,5.4849106554217615,35.92999724521025,12.435379416185487,23.54558791374897,27.184755632072733,27.621356422381666,1.0735863985269374,35.374637749641586,33.812064022614585,43.769880614180245,15.775154839306065,38.12746013474449,17.78786011151816,33.75724140001335,37.50895142142331,22.624187887104817,21.253444378716207,3.668931891503274,32.382421535298995,25.039582705005614,31.02385915283097,41.79175780471746,22.7709417406286,19.167255240889023,38.98115714348277,28.108457584063594,33.32765867343611,14.081560674172739,27.077304300156342,38.704334830789655,6.27466041035737,25.552059703711574,21.59080076215378,30.714321860443842,21.618169229061152,18.202485589409296,43.32820432231087,27.41143393192121,23.640055941091997,19.208967293683326,28.71674189921486,29.560892532989232,34.10562704185876,23.580609121280396,36.5023320473906,13.91975721111279,38.67494300353306,26.459909759668413,12.441569557785888,6.334790237011701,25.38515072933427,25.23514750081234,34.66438741853143,30.623002158908093,12.274980028247603,37.712992185609416,13.874545773039321,6.154500593144858,19.827995051318275,13.909450611959143,26.04104389894804,30.658469948642843,20.691563498198967,42.445838910502474,24.27211249351731,26.2045716528663,33.12901829304975,35.17044631331185,14.685376316288947,25.363203299911724,7.941880721073256,36.04862022890978,21.242206734206675,23.501006491689857,10.590484755049637,22.11989961965635,20.16485364313313,21.14461459877224,5.145199466592176,37.54278669269319,38.30132091290676,30.469744377808283,25.066233894078565,39.503306810691065,29.463958751432607,20.02774402203715,18.302278212154405,26.837152438744464,5.540008104318832,9.241256209332722,27.66672856316328,7.911182475664763,34.61416249019986,12.230824892500932,30.583174245633423,7.412219365235171,46.742539293365695,12.256675315758283,0.0
13.544647259628253,0.0,32.36397543755168,13.237183250531938,35.27327299464996,25.709736740490087,15.086542185074775,21.40994619139355,35.65333496150887,14.491190849785188,34.296032733021605,41.66444380465219,40.53021367335933,3.0869045323489885,38.78880461248201,4.246898508179293,36.39249305860218,45.4163045432733,15.288891525602262,16.42205187408388,14.659298087158314,36.270088874150495,11.527561294035918,24.381458328083692,39.353817334224516,21.362923441307924,26.886318499359103,34.54292094995879,29.209506979050225,37.886645108151505,5.244733801925625,32.85935147856446,38.571462857127614,7.412239189065501,12.290185232990773,17.147562211460798,28.773222245124835,15.461384155372375,4.964359506131928,40.11817197292243,32.54778540383166,34.23177900544392,22.590441901523803,29.435009559283348,38.36110274850858,36.60272990822807,11.201633991593932,41.54788140181869,27.06883741839818,36.54982576244798,24.994997050430314,25.349005535378566,9.708685780878724,31.24153436353206,25.530618352664074,39.15676249359223,22.46070200803789,22.03548085081264,34.908721090341665,5.572720729278528,8.513996159985327,10.499898541783871,27.277728075842234,26.225417177281454,23.53011860642978,18.593678978598714,37.710751782482404,18.020999994903903,23.34872875969648,27.56812356209058,29.697534838942506,19.1427692961737,11.959634149069604,21.429874246109833,37.2253856766523,10.149165040554228,33.4652458163842,5.615666133456385,17.44817819856788,30.853147360371786,19.61494224268003,11.39479150618333,45.31239808714788,46.33346742994347,34.012430860807704,18.336647814178697,38.861288014197996,38.814188443013926,16.232620219289103,18.124605442573902,36.19534348222045,17.389111300947345,17.17646705257409,16.445281439752044,21.302343648011107,43.40101531775777,22.1919235170761,20.21849385779146,20.68105788159882,42.36979478595668,9.286382393547214,13.544647259628253
29.634650430238732,32.36397543755168,0.0,24.34684072033216,9.56282598483976,28.902577527879792,23.99083906793744,18.665163010380635,13.384136818164514,30.18936479853088,10.050642379713745,15.644141630237778,19.557408116744355,31.21771239772284,9.275299654106567,34.46635271373742,4.167442322360812,18.312912807912458,22.13830589171407,18.508610241215422,26.048733605474553,4.448860436524559,37.53771393341553,20.784616760420455,16.675383298841,12.221210067346195,13.437999122196848,18.839812815916602,4.342424790508691,6.613433453268913,27.444274076605428,7.300281235846261,10.704750042359127,29.20540179277715,35.9402033996493,17.74008259879995,10.55349985472466,20.45965347722593,32.752288843526586,19.178268313646154,5.747333010596642,20.362481705933828,10.534393815555996,4.906721753609726,16.40105621287724,4.482914503866833,32.01824989799742,10.255785027515556,36.888644345281286,13.975340381382852,10.299562106800304,26.98077138426172,34.05975541273762,7.705976477344566,7.69212053775465,7.557045097936421,24.049840086022716,19.67632618770328,14.738969587111438,27.029915399989918,32.78117727711238,25.890198287130566,30.00927040439473,7.3477893385198,21.774161808184015,14.716301664952287,21.559812955911223,19.920184410260248,13.102571799272917,18.893925165599267,19.361754853845454,15.009645878159652,36.696326902883136,29.64771278647625,6.951000515268672,28.76349727536976,18.300295079588196,27.108814742343377,17.867043655277495,20.091545587177524,13.563911301535345,33.92813533554325,17.935099323814796,19.268914587691622,2.3261915972118015,20.681889149096367,12.050892083161312,18.149177751656534,17.61128024411441,14.281409637164312,17.192106399420044,34.3205180494653,20.493753353903042,30.343268762341232,32.61892927333415,19.063049844863627,19.965607980745695,29.1895491501982,32.968499993732415,23.892493911396574,23.120115810740238,29.634650430238732
5.4849106554217615,13.237183250531938,24.34684072033216,0.0,30.44666021696545,13.44919146344523,19.530733081322822,22.291647561820284,23.731863365010135,6.280184580674912,29.890226919615753,29.924304503196062,38.341501359892156,14.506645908348492,32.698331730520806,17.271970923778117,28.495585050090455,33.679781375023616,18.32975500019973,16.418642465446506,2.6791713613864783,27.308657519369273,23.95451608395224,26.207862973402715,36.32840008947854,17.365536594775573,14.958604103815766,33.68318420160398,22.65902496236098,28.402113747151326,11.662486170344188,22.371789816459405,33.23738735772333,6.44430075686245,23.944895924107218,16.656030347558072,25.267321155345037,17.073339044324314,17.00462554118491,37.899418335959744,22.540217118632686,21.164729998711707,13.847290753952189,23.25226835544157,26.058975499463372,28.82865920983379,21.28615531661989,31.7245697611585,17.611221839891677,33.207059490415595,21.01573055147607,12.64865242479472,10.041822746973411,20.66962278616736,19.750729048801812,29.73856864924945,26.198868335117382,8.985997270129538,32.28036871043502,11.319648079912257,9.044412865500592,16.439794427435114,15.124285107072,20.556623243705992,25.963393382190382,15.407623874867523,37.15752940975401,19.598274809538825,20.87828282875656,28.05896124453735,30.054831524385285,9.33871992276877,23.988352275593236,10.136706384547722,30.647372694265723,18.430365361189637,20.588428689882267,8.41447149928294,17.204127649005205,17.730886230829306,15.782474392793535,9.634529737631519,33.65704778060788,34.53154015253479,25.312570725524775,20.471830322047268,34.02364843842036,26.25149698355412,15.051780015421867,12.885614190298593,23.599096489104,10.839180630227261,4.561739732575182,24.49668698966021,11.617154100198336,31.15775947513242,9.093441458052085,26.911468460377215,11.444779934760735,41.39245716557645,8.237209751475065,5.4849106554217615
35.92999724521025,35.27327299464996,9.56282598483976,30.44666021696545,0.0,37.42653211456344,23.21120067412916,16.280552565460876,22.809052982515155,36.6691284269457,1.3481960736707486,24.060248866339766,9.99462386097891,33.37933076694288,4.626825067374131,36.32087205641923,8.627780474627723,25.98762719732101,21.77103036756198,19.150904065620825,32.61536134888539,11.883660536850673,37.5575000798096,16.519782575038043,7.128151719679896,14.033708689859456,22.441126240426875,10.348678708917777,8.224874169374313,13.855257603715135,30.037592772921013,16.829955800443983,3.4052636326961916,34.00777342110513,35.54052082353554,18.360776294112647,6.742200936592423,20.655158173775224,34.292270801664536,9.617280365709062,15.286738550462754,29.916834930267903,17.22605525336073,7.431245672489771,25.659856681165603,8.28338883623393,31.746368328374444,16.281094081473636,45.075404578985015,4.48163599866051,10.29031325756294,35.544022488934445,39.25132583228032,17.24983762124107,10.699258032638504,13.984925995586849,20.29355904654258,27.814252696436487,5.791597009320255,29.700577607246654,37.8024061430497,26.545303285715388,38.68308790409471,9.893849666560017,17.77420005949922,16.746544693866657,12.462868932987151,18.928082150010628,12.128471478639145,13.348562866924844,12.816037147389409,21.54628695698294,36.47578654507168,37.4749326829527,5.002014288141881,29.005602836665325,27.854505369648102,30.79759969443683,18.191188717034837,29.493567060618215,15.822272083286618,39.512021007304,25.53052051077338,26.851258321899696,11.105409602935842,19.27724766534425,3.6411121871186074,27.464130521575274,19.06362793919567,18.065692370244946,26.693503910509918,41.108560705348296,27.406030023202067,28.459853571410417,40.243619344676034,27.62112235228685,28.142337921243666,26.08475980103231,40.46232170243102,14.354949939136045,26.745670181720776,35.92999724521025
12.435379416185487,25.709736740490087,28.902577527879792,13.44919146344523,37.42653211456344,0.0,32.525674631036956,33.94758841484433,21.339930952588023,11.711783704928141,37.31138032880606,26.89526898689714,46.7535625184142,27.554928593555058,38.17068006109572,29.94170172252766,32.460320267008065,30.17524651168266,31.099410848150175,28.488199920210423,11.256214610024927,30.022228499590643,37.0072041524846,37.901162978225884,44.24707918412842,27.22545327671238,15.570471268083185,43.36823026039184,29.221497258710347,30.129321266832413,25.05277694494287,23.60424520794373,39.41475410067056,18.297661275782353,37.21809040051926,28.49931298849722,34.02788484373919,29.586609767782118,30.053560351411246,46.321018282134915,24.594719194268063,14.533554139245064,20.614847037204683,30.063791768674218,22.013591349019645,32.896088719804126,34.71254175513572,32.39026157501602,8.272774131857748,41.152356046322126,30.12716070665966,1.9287047572960252,18.387350576537383,22.20225029962834,27.682848148856596,31.356455443164865,38.60035486777766,9.725682390412699,40.867913465460994,24.730304965233834,18.524513048214498,29.80714994351358,1.685588373021512,28.40503146002302,37.91885299221085,26.22281729598815,46.791160860721085,31.810538107581227,31.01878140739897,38.980067747922824,40.74072765422726,17.18454075081224,37.17357718617252,4.699332127970908,35.85322323482968,31.87749663691825,15.36309917713645,21.67628027431395,29.058078366735582,11.651355706351016,26.127992026693107,16.776201803113103,30.36,30.764021392608893,28.771516527032535,32.78128933724609,40.59093374191848,21.231807482633027,26.904724416324488,23.17151875973288,18.960193747395497,11.808878016136841,12.323186706864616,37.86585128948708,6.94084626964,26.528060461268833,9.377080177382572,40.03840809084421,7.778041304249561,50.48190720547353,21.556807154443753,12.435379416185487
23.54558791374897,15.086542185074775,23.99083906793744,19.530733081322822,23.21120067412916,32.525674631036956,0.0,7.184145810074302,32.647062561240496,24.610002943883597,21.992147763811204,37.57606750286134,26.341292795199877,12.264057989399225,27.48233124413293,14.369314243788208,27.240393775810666,40.98326547482023,1.9498445777935813,5.815472676316139,22.156113267043047,28.42863115571615,14.347516602292577,9.405868771513815,25.667345728272988,11.88028447402138,25.49523268762061,20.00973885335818,19.82059040698921,30.51825816839246,10.604488845459237,27.720609587784455,26.611998521458744,18.23692240416431,12.360962910778134,6.456328646517054,16.496319441076572,3.843136474181432,12.162999093100991,25.960025785339855,26.746065741582647,34.85779858867998,17.994889070318308,19.599624319598266,35.90985039097267,27.282338759044563,8.535214928609063,34.22739611623939,37.06294039900785,23.242939151668477,14.048464219934342,31.325816959231332,23.072235103107396,26.540642072727877,16.305677989396134,31.541240641808773,7.469900417334755,24.634542199678787,21.264067996390107,10.558121354228327,21.531783436566133,4.586667457680678,34.20585986318121,16.663315690339616,8.468588779623635,9.903913883111144,22.963968938050648,4.310772457886576,11.43894957358143,12.852902157783317,14.922569128261902,17.63700932582346,13.272003985680472,29.65851524487718,26.554424052023684,6.055530782782338,33.33783289358827,13.504785546355826,6.2028959661876435,32.20788393786686,10.954406437966563,24.258590567601622,40.71862713695499,41.966978272281196,26.185224685626334,3.9766255821246452,26.467910798565423,37.02908729799384,7.2686522906553295,12.146461313855145,34.79999155524176,28.886243318597597,20.408281632309798,6.647473050654938,30.99643323786444,40.306838230792366,24.954783599338143,7.552279828783152,30.6987266903395,27.64972273544418,11.38368327466814,23.54558791374897
27.184755632072733,21.40994619139355,18.665163010380635,22.291647561820284,16.280552565460876,33.94758841484433,7.184145810074302,0.0,29.36409302504801,28.184880010822997,15.012102872451322,33.50902406632504,19.289546285964512,18.872175826018665,20.707272901577554,21.32011869630396,21.33752084752039,36.62313353884511,6.223707143836772,5.9330385923888525,24.957580337976086,23.072814642132503,21.430697037432168,3.963857119688616,18.497174632569024,8.068296231648453,23.675924221772252,13.139359783117447,14.324916497245672,25.27341492637701,16.392910364059258,23.74950912489497,19.65323715351354,22.904974239190036,19.326395189491702,5.635856054707903,9.709049008685724,6.051452853047196,19.14360595550357,18.895519391147324,22.51900748166276,33.17964460820113,15.699956063892767,13.87302065308116,32.69401742689637,21.301888389990026,15.619880581737974,28.841296922351898,39.72809338593576,16.063113277421206,8.374456790181213,32.449961479175904,28.13068163019858,22.899161378459574,11.415469632861168,26.134897148823672,5.670244568745494,24.897496308845582,14.083063210386978,16.202865959641905,26.564260784377346,11.270382352313824,35.56399233804337,11.483667194972952,4.08046816041533,7.867544284033265,16.316055945989305,3.389130283956733,5.58267875135372,6.232389393404462,8.370367558310955,17.190191792925145,20.29402968403088,31.950924102761217,20.032849757030455,13.22035536278686,31.40249983549665,18.505680539901736,5.088195221514686,31.07375400165068,8.304259049869948,29.01637088941063,36.29633140510742,37.6020863511479,20.97504756629084,3.2422214606655086,19.403692474182662,34.06783053778183,7.245975659999563,10.957732522781177,32.15467211425908,32.71822409231744,21.66880198792348,12.251099409224212,33.85814971378111,36.57905322303842,25.25157404671508,10.53576067786396,33.72976400142515,20.96312797971423,15.207482583603774,27.184755632072733
27.621356422381666,35.65333496150887,13.384136818164514,23.731863365010135,22.809052982515155,21.339930952588023,32.647062561240496,29.36409302504801,0.0,27.707359959374827,23.40931054961173,6.205856351965013,32.74878480375185,35.66090502130835,21.264399682980727,38.934719619341486,14.873491005607173,9.949475629706445,30.701263418794408,26.84876829919155,24.101979256518177,11.550164589338815,43.943215677526744,32.380111809818175,29.809274546348686,21.430690180968345,8.832814514349204,32.16681621339175,16.680220230523798,10.509564157257435,31.855861601396793,6.157245607362736,23.224244193672845,30.035112513081575,42.93836760107326,26.280961682152643,23.331737166007876,28.804004823592688,37.80436903808007,32.39104184549695,7.6955391265966275,8.304312132862062,14.70866133838654,17.542378774306076,3.32995311605164,15.326874356861557,39.22913910732736,11.580567819429586,29.546339667632303,27.277749622903205,21.544506947058146,19.551652156296573,33.53747973445195,6.519629387238108,18.2122425744837,11.394933353137652,35.033558256072595,15.352660874205728,28.123070056232393,31.406135368356136,32.7191402511666,32.8525716074783,21.811885919079504,18.408627081355306,33.12067434983405,22.800238452029127,34.94323653572801,29.393926902942216,24.037446297179656,31.290819152992878,32.13294933013559,16.707075367847565,43.43754080309344,24.05172792808306,19.0618165183592,35.783056530904084,6.52375251973705,30.04810347507775,26.643386436718707,9.87281239008399,21.842643930567352,32.70889936942519,9.94381768759271,10.80225826730084,11.720349650004785,30.3591288089895,24.735580586248126,4.853366599273004,25.39239095412929,20.60683381793525,4.00148951858517,30.63602681118278,19.17749446297798,39.292161548884955,27.17234248125044,7.858686601591949,15.421379276041108,39.27275921458193,27.808044644289094,37.15830052571273,26.934440133519065,27.621356422381666
1.0735863985269374,14.491190849785188,30.18936479853088,6.280184580674912,36.6691284269457,11.711783704928141,24.610002943883597,28.184880010822997,27.707359959374827,0.0,36.14000937397527,33.879113305506486,44.61915247230654,16.78286589814451,38.77691928696444,18.726529473515612,34.29254503384021,37.55264451678578,23.67562631975452,22.25655895071227,4.141375104370774,32.829538217767194,26.004680269489324,32.03616578754934,42.6065117184724,23.633603195450327,19.37999052252248,39.89639357646457,28.78622629817594,33.71361984814603,15.146759604965421,27.39911275190926,39.40099159634831,7.291540527577565,26.55628324129408,22.58048136722311,31.54738942593882,22.651533803993697,19.1957291168252,44.17714618326946,27.78922181313453,23.423567409856286,19.827061284609815,29.414170679022956,29.543967373446396,34.649085861251926,24.62702547352135,36.82924126621261,12.862912990930354,39.483453728965344,27.295444787041827,11.853005818726977,6.772491779098678,25.715405689895665,25.98550679254315,35.048373335568485,31.670949542095496,12.36131952536473,38.558710284130484,14.94303632779756,6.81346086651944,20.90153709805153,13.13403554875341,26.79103352898168,31.68414165877089,21.6049654156688,43.365106258561454,25.296102466585637,27.105844237668283,34.10269293334652,36.13542283789508,15.310423820097874,26.35089682089219,7.1244402572827985,36.67380046867691,22.308766099853194,23.37750881439994,11.658352878375858,23.112901247606988,19.964209608850595,22.028738187250966,5.362290098646363,37.60116020789241,38.328166229688215,30.95683419979293,26.098219502956322,40.22722927955894,29.379726454319005,21.00933903126446,19.15674208593253,26.769097016934296,4.587404227994345,9.71457142436987,28.737713257413265,6.879755572307336,34.57154994075508,12.286179393189434,31.656243411668026,6.356695329351882,47.63761573224526,13.306435453937162,1.0735863985269374
35.374637749641586,34.296032733021605,10.050642379713745,29.890226919615753,1.3481960736707486,37.31138032880606,21.992147763811204,15.012102872451322,23.40931054961173,36.14000937397527,0.0,24.945454945720662,9.669741570528982,32.33834042161857,5.975017376799938,35.24181607125263,9.603076037799301,26.993310735991535,20.58936361030984,18.076035324739344,32.11969451147075,12.758017887123502,36.339319234803774,15.177461270325972,6.96227971109393,13.18267880243478,22.53875682427213,9.272241654860084,8.113372181976203,14.803370824075913,29.053643278513313,17.35091740208216,4.641410763717322,33.250625281829706,34.30164058669462,17.294288310400784,5.60007580123625,19.525924995727486,33.1935695764178,9.264647751489726,15.79761490651971,30.305027265307324,16.92222304110962,7.250313997422766,26.340043233658903,9.292076941004687,30.52470929511075,17.385604178545567,44.85334797414565,3.989537336993515,9.38766711582548,35.44563367946432,38.52268539180411,17.648694233944486,10.165367375434643,15.017181996035099,18.954171152588888,27.645773932493377,4.8172648688157595,28.726201365616706,37.0567551472173,25.40990711497853,38.6069017833097,9.362652685330287,16.43444863817513,15.848726724109738,11.617052912307274,17.72503452689421,11.040119786395397,12.001812108075637,11.498577019326683,21.141091045928658,35.245351582347205,37.19202811224525,6.22521797012042,27.827609839649455,28.24514493226929,29.924618763875095,17.100513418715636,29.73034565996878,14.970976001883765,38.83632089176527,26.544589209978938,27.872082148007994,11.782519047387142,18.04380791522767,4.579742439955166,28.12380152548545,18.06578183941641,17.342378906091547,27.242200756194727,40.61449304002156,27.00200264681817,27.1628125140507,39.90896170648637,28.49151108807029,27.98063528621908,24.751252287428173,40.100543433642756,13.88665605271948,25.893098284591403,35.374637749641586
33.812064022614585,41.66444380465219,15.644141630237778,29.924304503196062,24.060248866339766,26.89526898689714,37.57606750286134,33.50902406632504,6.205856351965013,33.879113305506486,24.945454945720662,0.0,33.53150306740191,41.52920388726714,21.382414288763705,44.82524106722343,15.457354104709099,3.766516281387774,35.62832626791583,31.76556163713226,30.304430874250794,12.188679927184358,49.54417694732404,36.11756314242336,30.567257392343784,25.921887686364386,14.988485376366453,34.1464457169709,19.707248433414705,10.246697427135498,37.690609451378286,9.867572122454272,23.5806028899403,36.20139990528046,48.4067207342627,31.1267129845811,26.18910195528838,33.7605711335769,43.600042314152844,33.22834541134286,10.99381198860597,12.737327435693945,20.02195448063175,20.435953910813602,4.955738788392256,15.836743635596042,44.61833905012419,9.123237878503172,34.94684850466725,28.48275267596164,25.283343230236763,25.202332253591294,39.743313954445625,11.076262539175147,22.097541833924442,10.425817248835815,39.11296042834635,21.537985807708697,29.761782369272144,37.24080448066807,38.92134234319158,38.2278834018803,27.166155414412252,22.098499348810712,37.00031461531986,27.674332910493366,36.52040592572311,34.009804108671425,27.980047118164286,34.49412940291878,35.00563033430538,22.5807611809302,48.96565693609832,29.951078478759598,19.521650147715377,41.18157107151653,11.54723820677835,36.04960256227465,31.42773401481759,15.24416462460442,26.627515000503532,38.90776408536539,3.7379684540222238,4.66902952814542,13.446667442385952,34.92015148294515,25.144732397600468,6.272903829087423,30.42577049483023,25.830895597074033,7.998663153608736,36.69699959931107,25.36601293551862,44.2061936744578,33.040703654117046,3.5743576560077512,21.595707056387532,43.782873923254414,33.712748148958454,38.02170164417115,32.78759994577343,33.812064022614585
43.769880614180245,40.53021367335933,19.557408116744355,38.341501359892156,9.99462386097891,46.7535625184142,26.341292795199877,19.289546285964512,32.74878480375185,44.61915247230654,9.669741570528982,33.53150306740191,0.0,38.118444836256025,12.23516110833604,40.60831321343964,18.16219172245644,35.03190149633587,25.511226820314832,24.207541412222966,40.74443154641891,21.539377513602137,40.056346435938444,17.34241279732013,2.9686855470984157,21.003743106641636,32.190036232552785,6.558011146992785,17.71451151929815,23.299085381015207,35.37330435829384,26.816535867228776,9.984768808703851,40.82944195812924,37.75995935660213,23.549331980646368,13.095224242416915,25.07695909696828,38.42696757141648,0.44240529944790763,25.27682749403622,39.90580255490447,26.18370392095832,16.820672412485873,35.51527133444405,17.751393391701363,34.388639794833054,25.06885994167884,54.10024165323826,5.686805351165169,17.332250934283742,44.914328244254676,46.16704151717954,27.237707356545563,19.16060754863094,23.159390919346347,20.774179420912027,37.04071229535062,6.0629029215990835,35.12439236165532,44.63685308196831,30.55975745175678,48.09771584376699,18.402871115837396,18.563878025534933,23.269431642813963,5.186613853498845,22.6254868027458,17.77419179252747,13.628959563206214,11.775346088765462,30.139473337489232,38.80837696231291,46.339666967878365,14.015373483341463,32.38917733075765,37.84366768263178,36.94633725736144,23.17689560307675,39.39820942787183,22.672852777302296,46.72067374409364,34.54538806750756,35.82010973216706,21.028444875395586,22.512964428234206,8.428935585353633,37.339401741980005,24.761146655061623,25.46767458916483,36.660752522421085,49.17658277958678,35.93415202328633,29.788115422231115,48.92700268600902,37.105257892451114,37.38414200525923,26.35135406814021,49.05017506053762,4.4907742162376065,33.134300373246,43.769880614180245
15.775154839306065,3.0869045323489885,31.21771239772284,14.506645908348492,33.37933076694288,27.554928593555058,12.264057989399225,18.872175826018665,35.66090502130835,16.78286589814451,32.33834042161857,41.52920388726714,38.118444836256025,0.0,37.095609949844736,3.3164229562119787,35.14193727019102,45.248054282217815,12.668617823228406,14.282633953618681,16.32343001170216,35.292246937217676,9.471114409786491,21.641219174227196,37.08505612447016,19.70842645848186,27.04426303794034,32.00266570529552,27.798743181104065,37.02816269615684,3.8690482930402332,32.38362397942541,36.72769827266831,9.501102836094388,9.777441758810879,15.051467621166397,26.760197674752643,13.082055633264854,2.5056735621385324,37.71486233325433,31.930852842749214,34.958022640572445,21.939990884227825,27.938045159726883,38.520671365501656,35.319153617334855,8.216741496257901,40.74078536106949,29.55619980543465,34.36802548169161,23.181656365254288,27.013819592563948,12.613136009732077,30.8240298521548,24.066837544383667,38.261862506273516,19.542082691421797,22.88705614043689,32.63050882414261,4.3139072681696975,11.311817912687415,7.710094099322533,29.172010628025493,24.71371031534967,20.732604313801318,16.939953497273713,35.096465546797596,15.502461160758193,21.308633490313024,24.94304565466319,27.056734949406756,18.964091524429495,9.634529737631523,23.485245042236144,35.65879117069312,7.079813210956969,34.02546225450365,6.141116032322544,15.284133429602004,31.670434548483794,18.027277291111165,14.22631995956216,45.11002712190245,46.18721264857728,33.00504006038706,15.717111434253264,36.91774287216798,39.11531210173742,14.347352738824153,16.950463240915646,36.539918568321845,20.044956004553605,17.949807571022443,13.361853714731259,23.658937820103205,43.48790120275303,23.084701533655554,17.137044728914503,23.09284755423776,39.77264776456405,8.741613356905729,15.775154839306065
38.12746013474449,38.78880461248201,9.275299654106567,32.698331730520806,4.626825067374131,38.17068006109572,27.48233124413293,20.707272901577554,21.264399682980727,38.77691928696444,5.975017376799938,21.382414288763705,12.23516110833604,37.095609949844736,0.0,40.14132788139466,6.3959400387739604,22.79709970812166,25.945214493274875,23.05310851587911,34.65223236911678,9.73101416783954,41.79416266242286,21.13125395894789,9.308587213877699,17.43034089378258,22.70730458756946,14.400346934596218,10.066988687015087,11.229945390311908,33.59967201006095,15.792107561199352,2.2681107844662804,36.85441983296562,39.84189201310191,22.24839732820028,11.018097172657464,24.692600230078018,38.17826670999604,11.967200071487916,14.369201758750323,29.012364992343862,18.962487566083663,9.581492363842248,23.751476516938766,5.939276393773288,36.00312231357901,12.839999999999996,46.11796905098657,7.882471382887526,13.939588609863815,36.250702568842634,41.97594063075579,16.643878080273854,13.420536197810227,10.965882526811814,24.89625691069373,28.8558692788267,9.83625115248151,33.236158328064384,40.58884495392641,30.56786788342908,39.28455437248713,12.665648222572704,22.3786851941844,20.20450626640967,15.909060953059527,23.17415027172143,16.158950258893295,17.972468741190266,17.37511239135577,23.467895221396592,40.75069169314047,38.77630919907206,2.3402982541478203,33.141913779677715,26.974872661461085,34.02179997397827,22.145094817810012,29.131888692213384,19.174368094848255,42.067624858369285,22.311393995911956,23.58979232720831,9.876458094367429,23.601904454461952,3.8071039933690454,25.602276046779714,22.757535105578388,21.012786777656725,25.258922367822297,43.07181662938193,29.215256288453126,32.939499271314034,41.69273964103954,24.94851776710412,29.15629102136362,30.66941466540187,41.99886995564309,16.716043863575482,29.941368010953454,38.12746013474449
17.78786011151816,4.246898508179293,34.46635271373742,17.271970923778117,36.32087205641923,29.94170172252766,14.369314243788208,21.32011869630396,38.934719619341486,18.726529473515612,35.24181607125263,44.82524106722343,40.60831321343964,3.3164229562119787,40.14132788139466,0.0,38.360007235427375,48.54857445520572,15.105581074286308,17.170511979339842,18.839812815916606,38.57035046112335,7.355903917873014,23.752435406818858,39.726717478702575,22.82267401028179,30.28259876158422,34.356188997747985,30.97913504543446,40.322685770606874,7.185454695680257,35.69974378230814,39.69202665009481,11.649400790405927,8.415484270688411,17.960364525185756,29.645373387179763,15.788655188237573,2.2120264972395325,40.21546945733034,35.245730961641414,38.031450787204946,25.255716831106994,31.08765802746571,41.76753274777832,38.52763990610759,8.291899169474666,44.03994327972769,31.22710125934241,37.09622787358547,26.20380903920774,29.546593297877916,13.602076672182024,34.13853553044221,27.23819287361789,41.55102179543721,21.273898925918683,25.891503609942653,35.277192724628925,7.630189234553887,12.55774840080654,10.056210995789455,31.5163351231046,27.866039897908653,22.742602295772425,20.06966641985067,37.33266403676053,18.018154110535864,24.202897448403967,27.21616866376849,29.29184604796972,22.2507814125569,7.928715056614128,25.67666390689715,38.76558372619524,8.528291452690908,37.15896485893754,9.135454145743365,18.141460463675518,34.703257507511495,21.176765087988215,15.362334006343207,48.41380811634766,49.48562091710096,36.27973359036358,18.097028282374463,39.81915240131542,42.3296057922893,17.390733633936513,20.21934414245478,39.74115843139688,21.474362502713767,20.97390565362939,13.988455881875726,25.515027984723517,46.751349909573165,26.07127060617507,18.048880569052425,24.878591731257863,42.018468242778525,12.04170711336568,17.78786011151816
33.75724140001335,36.39249305860218,4.167442322360812,28.495585050090455,8.627780474627723,32.460320267008065,27.240393775810666,21.33752084752039,14.873491005607173,34.29254503384021,9.603076037799301,15.457354104709099,18.16219172245644,35.14193727019102,6.3959400387739604,38.360007235427375,0.0,17.390235120636532,25.461067518540407,21.998641145418457,30.154987403514564,3.3891302839567308,41.10462509355404,22.882760644071716,15.193881690217498,15.771819870922197,16.890934653517185,18.87400544751042,7.498329609904824,5.228683839541031,31.40883016358453,9.474433912333952,8.379192888899729,33.36704667904596,39.403296246659885,21.206427981984657,12.200909969409357,23.887327354965127,36.58613454324365,17.839282496782204,8.123941940527466,22.647589410850085,14.699297775813669,7.640812009417929,17.431217597711736,0.4631744943807902,35.48282389884907,7.946042526738368,40.56174250574105,13.026056148178935,13.220599881415737,30.531736583029634,38.22683404123766,10.477778234658999,11.21666981027136,5.438610266663077,26.40047309409126,23.491106784465977,14.387463931052855,31.002519449955965,36.94830188580928,29.501338053362513,33.47260835674568,10.696510970348015,23.992021122677855,18.40887452356851,21.08749818237898,23.03380656552362,15.955221012289998,20.441971229680906,20.486173336159773,19.16277002685261,40.20515714711845,33.487705937845185,4.2094703724253195,32.31544522360785,20.619636371227124,31.198238568802537,21.266244595218815,22.91031101972228,17.267104031442358,38.08716190582879,16.942225957888862,18.270980671378243,3.7006739595784466,23.699465248423316,9.91617602399108,19.274335690926694,21.25859442048542,18.271487322590673,18.865245012661646,38.372718625266536,24.583598315186666,33.37596299917725,36.50356784351527,19.02663310591074,23.762646729517243,31.836395037434617,36.88607502313365,22.640321624599466,27.184063758919113,33.75724140001335
37.50895142142331,45.4163045432733,18.312912807912458,33.679781375023616,25.98762719732101,30.17524651168266,40.98326547482023,36.62313353884511,9.949475629706445,37.55264451678578,26.993310735991535,3.766516281387774,35.03190149633587,45.248054282217815,22.79709970812166,48.54857445520572,17.390235120636532,0.0,39.041012031044524,35.18887857704766,34.02298766710411,14.386442597537616,53.17651560834818,39.04173465533979,32.10111575402109,29.224951598221118,18.752311204494344,36.263671144796675,22.54630500520551,12.224383795663217,41.40265475073021,13.291066203142865,25.0541845460056,39.965588871897666,51.993923977828835,34.526944225503364,28.82942374501071,37.190696664184,47.297776622896215,34.76279362203451,14.25070567533054,15.755889860814671,23.630177178120938,23.20356482112529,8.19801469247032,17.71046318204154,48.181630846417065,9.975449046206863,38.09651245487557,30.290511749404565,28.30636648659572,28.545786207496224,43.47505970469196,14.631174991525905,25.22028920839533,12.00695308764799,42.16836225786109,25.234990285194833,31.768563591277793,40.953112463012666,42.66771737651838,41.79606113655463,30.33231778220742,25.147566442087065,39.980877061568385,31.10200466011075,38.405131034744805,37.309923175302025,31.054913837738912,37.19233627443993,37.546575158360966,26.315156802706316,52.57339778920553,33.423498516182065,21.190187178339436,44.75298735895761,14.832405780064466,39.8008597999632,34.80397725336949,18.558083117056885,30.03020030922612,42.61669118252775,0.515712307079704,0.9844837039104809,16.017300850349667,38.19455116604343,26.604090524824585,9.025303205941823,33.896128007156676,29.38380228518246,11.225692106293767,40.27053817492335,29.123353137288014,47.59006584726416,36.48509899917489,4.1259833707263285,25.281274186436804,47.002828920508726,37.179553301155586,39.50870738436874,36.50767344556707,37.50895142142331
22.624187887104817,15.288891525602262,22.13830589171407,18.32975500019973,21.77103036756198,31.099410848150175,1.9498445777935813,6.223707143836772,30.701263418794408,23.67562631975452,20.58936361030984,35.62832626791583,25.511226820314832,12.668617823228406,25.945214493274875,15.105581074286308,25.461067518540407,39.041012031044524,0.0,3.8657047830101745,20.988346620864423,26.56744670625681,15.856735129893286,9.149212077149215,24.644727879303066,9.98016154627749,23.60702766343194,19.33574463029969,18.0087325756032,28.64105117213574,10.441294782482384,25.774586439406722,25.176274545690827,17.630634748432996,13.991396773498684,4.51716725393249,15.030307341352342,1.9025482374747722,12.93949625237807,25.11550265213475,24.807775607906578,33.00026716032858,16.059636816997994,17.82436763626281,33.96691787907877,25.517216277066982,10.097317485756466,32.35936227014698,35.92999724521025,22.09064517124008,12.322852836937402,29.83788032084076,22.654900267325147,24.591038686348107,14.446628587702405,29.679727156455332,8.007971538614838,22.971742002126106,20.204244452034107,10.313248859637602,21.09550295437298,5.050164677048277,32.77273132296646,14.83328744164727,8.428778689945633,7.954969182459322,22.439842845679095,2.931478696313307,9.808246426308,12.288116708629438,14.412504774589008,15.834368201053383,14.850751372456905,28.408823004302654,24.92505992459994,7.238367162811892,31.45721292323843,12.98547383087136,4.2922236280824615,30.39654813914748,9.01083429510706,23.72621593193865,38.77840467821948,40.02455164888018,24.313575950694787,3.0524396398785743,25.11447879009156,35.09466102775551,5.33704802607706,10.229058248590688,32.877376627059995,28.052503544283542,18.88350105899057,8.596489079257644,29.893299228681833,38.357195530690085,23.29875743380285,9.2128623485354,29.639286118809487,27.110684692382737,10.369388229056618,22.624187887104817
21.253444378716207,16.42205187408388,18.508610241215422,16.418642465446506,19.150904065620825,28.488199920210423,5.815472676316139,5.9330385923888525,26.84876829919155,22.25655895071227,18.076035324739344,31.76556163713226,24.207541412222966,14.282633953618681,23.05310851587911,17.170511979339842,21.998641145418457,35.18887857704766,3.8657047830101745,0.0,19.09349541982658,22.906359869018463,19.107304298383387,9.796869137533642,22.935695021569522,6.287503641415751,19.911899016642778,18.499438491202806,14.502695034554998,24.93909249940498,11.20583084371521,21.915525388665095,22.526660123651943,17.077495395390734,17.4362746442406,0.8078997715164481,12.485697286683429,2.004541781829962,15.149873307209198,23.78702853511998,20.965966591169618,29.36801592180979,12.243996946442358,14.41631728568821,30.121917168028176,22.088603026752722,13.513106562874126,28.674322723884327,33.94112549695428,20.134108738503368,9.143508905340486,27.09285258558961,22.355528011054922,20.725402337248276,10.837879150913057,26.012951248427406,10.124130801693344,19.856883040437957,18.496030682835933,10.935208068903126,20.793692136151797,7.564740981847889,30.135494835485805,11.304112309334196,9.564823307200149,4.091256979642002,21.84062569186709,3.326244434917002,7.036114419368762,12.013339524487447,14.119138552666298,12.414849567993901,18.213630240306628,26.22128750399848,21.823503525384027,10.319273823525467,27.770211613547787,12.84141895649879,1.0314246141594052,26.88120806323212,5.165464595735404,23.167003276563985,34.93045078204308,36.172013536231375,20.631583476182673,4.320850256462901,22.655153218350538,31.27152711594471,1.6628571428571424,6.498590113969935,29.084780787714173,26.785734857134955,16.165532494054332,12.46041634578091,28.018561777536554,34.49290255299794,20.19819268536425,12.73506616410302,27.863408526127547,26.395841973109853,9.329636780120625,21.253444378716207
3.668931891503274,14.659298087158314,26.048733605474553,2.6791713613864783,32.61536134888539,11.256214610024927,22.156113267043047,24.957580337976086,24.101979256518177,4.141375104370774,32.11969451147075,30.304430874250794,40.74443154641891,16.32343001170216,34.65223236911678,18.839812815916606,30.154987403514564,34.02298766710411,20.988346620864423,19.09349541982658,0.0,28.728994100748046,25.79022501108606,28.87927863873815,38.66145683879435,19.830847954947483,15.55321083721746,36.216005031037916,24.680725686416984,29.659996559648608,13.835007947159239,23.412178934242313,35.30530121493869,7.347169384135886,25.96203507635953,19.321764401623284,27.651688954579544,19.749382423824017,18.827079932254772,40.302040460826824,23.7428818978726,20.608858804516316,15.695079171641078,25.323441104789747,26.161819820618945,30.51007194019572,23.508983259119287,32.835553155389476,14.943006827985604,35.52933137219306,23.41360985688905,10.71243412572321,9.485578312278454,21.71889048919471,21.955074723681744,30.99658019319985,28.872907716404317,8.823243884936039,34.68174559550053,13.530504312063744,8.867895776913715,18.933173995688637,12.898447937006736,22.75903301270661,28.641379513008157,17.976874941242183,39.693859083989196,22.27739185261825,23.407885641468813,30.689468246036615,32.67125454385533,11.184725736285104,25.9265354572555,7.584237144316125,32.540182004683984,20.787189932891902,20.29024979478305,10.425577652473514,19.871477662463754,17.12698407990938,18.296633347059636,8.61672033825835,34.040694493982535,34.83388919909308,26.834568019931428,23.15050667228848,36.155525278486344,26.164588625835176,17.714179723185214,15.35354137171816,23.520056226505048,8.495388424892406,5.590385332270513,26.96876015855746,8.938154856842539,31.241360340394383,8.824176437261347,29.493014046567374,8.772604853654771,43.881712987232824,10.8088807024972,3.668931891503274
