0.0,14.967088793041068,34.99866166537439,21.45601671003321,4.801010097800634,20.814633784715905,2.451488510755729,11.577052601537902,13.749864563340399,27.110538353118674,24.6514345320875,20.745732976559147,19.656967607192218,17.062207431894024,8.955334062069674,18.25380251132484,33.77534422550006,10.04708913068855,17.553189139856947,24.702880935846576,38.500082586712374,37.75978424358975,29.513374069726286,12.147320188218554,22.417836921632247,14.085379306361673,7.772995640323604,39.82418914198162,11.312623254486963,22.9245705454623,6.546439443526162,13.066602387735829,13.676884715102492,8.244627192967576,2.950813101364379,14.83589249497478,21.489362912086225,5.678634500997437,28.02351199421293,36.30762038414503,33.071988270487545,2.2645448251924987,22.96370659123137,29.91428080229186,10.63090757735986,9.932225843388865,17.82333714372187,10.782966158885662,34.40373686395246,35.297659054020535,22.187096084279737,33.72116782057931,34.58758253052853,24.96660430679841,20.74657581778895,34.347582750702074,18.83472693657942,28.03310579311831,24.760197157238192,5.321055595749892,21.54066680793824,29.099912896987245,18.704868295692,36.71429327404036,37.96777538053736,8.474555433526785,25.890124506050093,22.8309006499918,29.982734623616373,16.440035751488015,37.40825184531414,29.611907698610377,5.684453557282175,36.89047662075027,25.20597596780962,19.22130195849365,14.138295368196527,9.155842564244127,17.98730164333059,32.90287748721645,27.511188076630848,13.603977809629722,25.275066038792186,22.171513990998932,36.05541856868764,26.32359258404165,10.656461104198993,31.240146854811744,7.307644306212668,11.072029845423973,29.75081984807567,20.153380837558583,23.839082984691764,12.045586879239472,37.143159998765285,31.382883154707773,25.03535720144775,4.061699654286693,33.87818080555503,17.669122149983018,21.53632110019286,0.0
14.967088793041068,0.0,26.609143740681414,7.773902967424972,19.752291316323227,7.010338720746083,14.215770489574064,12.466157943711082,14.490369497126883,21.377830210051627,21.409472631696165,31.33958571284983,12.790110975887197,15.010663964430796,6.082333064721471,15.510117830050184,19.046208042976076,17.049388043359833,11.891361295889872,21.440239109236266,23.808015799863092,28.417759322261126,15.82370219071404,15.810770805668762,31.078581639687066,14.603188916487118,20.347011614304762,24.857456155661065,4.321802345110671,13.103749268738284,8.711709220986451,6.257729913752222,1.3741045321612608,20.0384454975725,17.543986934303742,2.449269778725814,30.285684636104087,10.811531258950566,15.676456284270788,22.45320358034479,18.721326483615485,12.702857142857143,12.263482875794214,17.93969489877753,21.30842661713809,9.37903872190209,27.678033432559435,20.000197550044756,30.037499828021094,27.35280249045119,7.307785057661425,19.650231343084354,30.424109129546103,14.273618879540232,14.172322552447506,19.381666068525604,8.185207164545725,14.648197771711837,23.238766344719977,11.975706020685273,25.119550886405072,20.650206304251864,4.9782219594500825,21.797390594626087,23.00070628906683,21.598067940802256,15.209897958841385,11.825900319525232,26.688235426945738,15.699956063892767,22.442619076667683,22.097468688720426,12.51692731415163,21.9416249654042,13.717735280449535,13.489435321988921,11.97363225540834,16.050145908167604,6.512661451639679,20.72260168048798,20.83536397178448,21.476141484475843,12.848911650884865,7.62926481599984,22.697071644256003,19.104443334000624,24.074120239504545,16.86927698872862,19.428333611989874,16.16255081908768,22.57475418538621,16.288826770244086,24.115802254276073,24.620753813954334,25.6602518001866,17.111843374501454,12.913123841539614,18.654784361976333,19.778080631582725,3.970968113080491,16.51320807161124,14.967088793041068
34.99866166537439,26.609143740681414,0.0,20.040850525761584,38.241902864448015,20.693878420480598,36.01267531957976,38.58302301927782,22.050732599241808,8.691851215421282,12.76217497937094,36.403816799217914,38.79964864137145,18.478767517872825,29.976088429797183,42.07993559396017,22.04667405153652,27.84186833984137,38.31117149376262,12.71321729058192,33.294646011952494,3.414528383486165,16.46486426005513,24.593118002018866,32.96439934974996,21.72905663025471,34.35189897611638,29.1604887840113,26.51092835886702,37.50835988449095,32.00909309581149,32.817558764559344,27.52616565957502,33.292752658676875,37.87757249295662,24.503422168325457,32.8184766277057,34.461291861082245,13.164464226368914,17.160445263239907,19.251802566014856,33.46146074369798,36.197292039880665,11.268739494545,32.28247619665745,35.174055837813654,33.36685731900651,30.257084581085117,9.447347538341335,1.2147259706096192,26.249381100575786,17.823007373525225,9.971574292836163,12.485297148965223,14.280411587277195,26.842260314204353,18.49962117648546,33.73781358218286,14.96947424539932,35.57088330046796,23.080742038791225,6.088128293855916,29.117055805412573,25.38829941013725,28.096640804370118,35.61698700431167,11.632120202618403,14.858516420022612,11.194220082940397,19.55639380804933,27.434924264297777,5.435259038567207,36.33820724970412,28.81897844073149,13.433449569895988,39.73350778393881,38.53306282418054,40.87931666028977,31.957858475926493,10.790703481824204,7.711104105808209,28.78310729066829,34.54796133859509,21.87589783580205,14.918029086871181,8.679772403674638,37.34971846463846,19.26083728868567,33.49811666957059,26.01620468328247,5.462549303938517,15.277738907392315,17.819049655137192,36.23330928911705,8.571239997925666,32.232993617581045,14.642288211943944,38.89851788792924,17.985283780164856,28.850119654546194,13.666900280067392,34.99866166537439
21.45601671003321,7.773902967424972,20.040850525761584,0.0,26.040953617448853,0.7676095946481638,21.22591023504345,20.19350713997558,15.647682230403115,16.716747071516675,18.212670180455167,34.1740739539822,18.832721849082198,14.313618461779251,13.254799053896807,22.449767600269773,12.64446963082667,20.29720801147844,18.54158305109939,18.22571943654329,20.359551737176712,21.375513742483527,8.18836606262264,17.94622170456466,32.90921835992499,15.588363006566462,25.20928691849048,19.70755413022931,10.189161107845564,17.522188848452018,15.880541809499613,13.830535869914065,9.064941212367208,24.611107497325225,24.2784015881085,6.754481505501607,32.25455335677272,18.20995915000629,8.011952295903711,14.949200511009524,11.634898945387867,19.27303202055416,16.255912582120725,10.317906764455667,25.213512412261508,17.152865649797413,30.429281279446503,23.49359617479814,25.200495621948324,20.946368834405135,6.592871846446998,12.279958784747693,25.661001936950225,7.6297270392771965,10.71791938383413,14.546519886774519,4.686620121501774,15.155071085014308,20.70917454183246,19.404169549825298,25.03130122099781,14.507679036303783,9.097351038536841,16.039385198660835,17.87790427383729,26.570709667694196,8.420755698309522,5.538522605628802,22.715786473332606,15.523290204576805,17.212154224884937,16.31816316193682,20.01972333597494,17.28579834690304,6.617231679640728,19.83611548542255,19.424430651178657,23.78738063661109,11.991695085366711,13.002424891581743,15.696736174460357,24.098180810329787,15.064602110068947,2.326696879128636,14.999568973399038,13.906661448854694,28.9871723916857,9.822557961038417,24.226957493415366,18.84580178442825,16.93093003460633,13.966421539257823,22.435658207052306,29.038527538989523,18.016417003184987,15.499200242698501,5.516085568589379,25.414018307434425,12.432117720662404,8.934192059447904,13.354098659977325,21.45601671003321
4.801010097800634,19.752291316323227,38.241902864448015,26.040953617448853,0.0,25.42565440732679,6.325249692578894,15.172164631055015,16.31805510619999,29.988365090753557,27.0363238655566,18.2481265462781,23.74004109137994,19.853545408972234,13.756061372711153,21.695306743484352,38.468498854018634,11.225587389749274,21.597414811282675,27.08984778586296,43.294115167806176,41.17430940649813,34.0017497749028,14.11389241788648,20.747284061254074,16.652633547929668,6.026122725438041,44.60868223353212,15.990316457411444,27.279909629391277,11.323035577700777,17.66977079647611,18.471450447451414,7.030515410606504,3.0285175197358414,19.516862410934475,19.824267132656853,10.134894258582726,32.27785138134071,40.78268780364771,37.675402033254365,7.060880444608958,27.427767845371445,34.06285714285714,9.478992454854243,14.216483677874262,15.956031423117409,10.524792886614081,36.62327797720895,38.424390213317714,26.98617333043735,38.25900134182111,36.744645590777395,28.9928492239457,24.200396016324582,39.133782472593225,23.112195561509715,32.7246546262625,26.658906694057222,9.466738334499247,22.04705394729876,32.52914849855151,23.485401457770593,41.46348282722118,42.75075251754436,5.895747343186771,29.884686133639118,26.98482294527342,32.08341017041775,18.967422985051964,42.186230851658074,32.80880419419552,9.555647544776859,41.685013604216,29.367520584927195,23.150563796193662,17.944510387893686,11.444343402675722,22.66036727191241,37.04619421914279,30.596422359885313,13.393970010906445,29.89085123838232,26.867320260107515,40.42014167542247,29.588258564808427,7.287972759195486,35.855780509122475,6.219928472585648,12.780399533852531,32.86264699239759,23.05163609227363,25.264384223726523,9.182252624781468,41.07357738478198,36.148692922428054,29.31104242710015,2.6296271171993593,38.421671180813185,22.45620717789018,24.590925155430813,4.801010097800634
20.814633784715905,7.010338720746083,20.693878420480598,0.7676095946481638,25.42565440732679,0.0,20.539975955314503,19.42595108380035,15.434522661744944,17.14001119233793,18.478258598047777,33.893886752387566,18.141168875330646,14.27036546876936,12.538754942585172,21.714120300121834,13.1593064763602,19.929557579287163,17.81608078938456,18.493361191607793,20.52358006721805,22.08120449243507,8.910543170415412,17.66334149171841,32.722602561033355,15.391135535145692,24.7185733687799,20.078230672516327,9.523809904761897,16.928013734032465,15.172048413488023,13.064128172134534,8.307195798873186,24.14436174517008,23.620897700198977,6.0568894825712,32.05296229425191,17.486966341728188,8.772889594468559,15.652367363489544,12.258041925068405,18.619699903322715,15.682978684171038,11.075851282526912,24.808912815801513,16.389333514857295,30.148067254530158,23.119791680439914,25.674346125648295,21.583020537223334,6.18346445393367,12.955248562112672,26.12796390764469,8.243700377765277,10.934200231104127,14.847228560184803,4.660997528339151,14.85584609725431,20.91654788702486,18.67977625177364,25.007074917278253,15.096901695921803,8.424401874244575,16.47613190190524,18.237139947628513,26.07383487916809,9.062995855540873,6.061109213498731,23.088482153733388,15.440994998076134,17.582421648351175,16.871018986197992,19.289058757624804,17.581126243787683,7.293777051258793,19.129500670910552,18.663336534827977,23.032198934428774,11.295894142997087,13.769086937848886,16.170585540873095,23.807324546047088,14.614856293846882,2.2162737619155046,15.74063453327737,14.376736310400062,28.501359795702403,10.431256014537096,23.738889818100557,18.51965001652822,17.470220025949928,14.0961618744904,22.562012502506626,28.59817034250225,18.77859745691833,15.41843476531405,6.233638829866909,24.755834933714233,13.103289507538456,8.220889271128959,13.572910595771871,20.814633784715905
2.451488510755729,14.215770489574064,36.01267531957976,21.22591023504345,6.325249692578894,20.539975955314503,0.0,9.209943162757549,15.382645933595663,28.39488542620567,26.207436863203075,23.167250636206624,17.50879988661095,18.513658719541997,8.14301954725265,15.875174304040678,33.237033684780975,12.250367757911661,15.380238579928145,26.25746867511203,37.29685744818461,38.64538813998115,29.387062542859898,14.067309912107048,24.86858455882006,15.710360029130394,10.187242922761138,38.94436093941704,11.057156146171415,20.963156017262325,5.504992909965961,11.397267126780157,12.86486625167434,10.691564479551538,3.5139512035918345,14.484425978214231,23.94029307784391,3.8505849012367808,28.219173681475972,36.16990518119071,32.731941336765665,2.598938558845332,21.102717882794533,30.215743429881183,13.082201649569537,7.898170286689885,20.27278219582067,13.19279580773119,35.97252829364006,36.38417462668772,21.230042633119734,33.49500651178455,36.18317480232366,25.431219123794456,21.734715952848806,33.4693421702029,19.09659655540746,26.490168834833028,26.5217784979416,3.150976525019584,23.74307374836729,30.023505893257177,17.465946809697538,36.0007183601797,37.1009332629193,10.811925388766094,26.37728707561465,23.18485078930742,31.626457536792365,18.03416349768473,36.57051606004431,30.687385429355103,3.3494879291848627,35.94088615990407,25.528615396876358,16.997114761161132,11.84967062316717,6.7748996528452325,16.426337239386047,33.19266651241026,28.671514413708774,15.984351531343112,23.601406391854475,21.68908161321013,36.071968878555964,27.380625952505547,12.889445136171195,30.88434991039564,9.752583331233476,13.10651870837795,30.87856875185871,21.498550876650228,25.776593084044446,14.388771132166834,37.62146369577139,30.037612340231714,25.228846463474127,4.539103570584153,33.64190389914315,16.476649154088907,22.773671156824577,2.451488510755729
11.577052601537902,12.466157943711082,38.58302301927782,20.19350713997558,15.172164631055015,19.42595108380035,9.209943162757549,0.0,21.350896936662867,32.28135191767304,31.181160717225865,32.305340179011154,8.837022307616184,23.621221174950254,8.941737949136082,6.677401425398831,30.10139274017,20.17318810618061,6.706538996093469,31.223750771566465,31.504490642006015,40.643501777463676,28.026956703160195,21.014856552409945,33.73749999810965,21.622872244029757,19.347368117168404,34.30385520073003,12.19747715634638,12.882238365521824,7.933809852492695,6.457762296457725,11.292888858724776,19.756486509085402,12.144174718433392,14.197183969120818,32.81926462631734,6.494156871325772,28.14124143295308,34.41893403939411,30.37370828697149,10.385034758669589,13.421893780426856,30.405475339356965,22.037774620049127,3.4640874759186295,29.273199277126633,21.825550277094024,40.6463252349095,39.21380889639854,17.339896193460902,31.530151167621458,40.954892060332284,26.544904734184648,25.009619047437706,29.029539353941537,20.143586612931,19.803925399387104,32.23108804763956,6.336483283980418,31.22911984879836,32.51421591757509,12.916582602315863,32.08356130672604,32.56748096378549,20.02022242939496,27.501358779047216,24.092064236666676,36.71481355929616,23.64360482201459,32.16461435065762,33.702320879326116,5.892606228424339,31.136360528147396,26.117057058324065,8.06408819193757,2.863319038872081,5.1061835262827815,10.589638370422593,33.180375316178214,32.09392389565988,24.415244485061088,16.544384829535215,19.63497088443609,34.90538301272894,30.49887251177977,22.07834953902458,28.564804946518585,18.834641120086385,20.46838478019709,34.076813590619,26.012397672130515,32.168593125492286,23.597153754343395,38.125625642240216,23.958441569705226,25.367536380989307,12.786238776153695,31.63177219576699,12.316161607201076,26.824693466875566,11.577052601537902
13.749864563340399,14.490369497126883,22.050732599241808,15.647682230403115,16.31805510619999,15.434522661744944,15.382645933595663,21.350896936662867,0.0,13.673865434410542,10.904797670974826,18.61639303935965,26.054131404928967,3.5720548022397525,12.853039345157363,27.102228238840507,27.712662691798265,5.976566484092309,24.51044925024793,10.95655241471178,35.95558075953024,25.114431983971905,21.68641218526909,2.770574242400489,17.29605546631594,0.33810999297113287,12.401159919416356,35.210965360703376,10.869666461285357,27.35699768704489,13.4327604408485,18.132265074576143,14.192681068718738,11.401288863768954,16.400921825760097,12.349391127682763,16.618609681772483,15.35854584953422,18.727070878102353,27.921046702793788,25.998006202988186,12.81759632342211,26.657545242714054,19.912216330275076,10.893257229186524,18.08734725193954,14.888943987443318,8.885128138682996,20.653984346555387,22.163002817252696,20.339557517310936,25.987870326012334,20.84137877847229,14.734013959099494,8.655020956364117,30.17393171434642,11.080307960061212,28.780120690135668,11.175210174711687,16.15153748920845,10.677468170433114,16.59543679596833,19.429460483860005,31.3756109624228,33.41466084196686,13.720455754910219,15.430876018356102,13.50910441298076,16.253932899267102,2.695847146396602,32.72878530827415,16.622402390283114,16.923473373406775,32.91366070835162,15.643174165085027,26.33050221584798,22.69303156549721,21.573098894650418,20.797754980884303,22.71832848119755,14.352574966300136,8.663522401896541,27.300601473526665,17.598869165897202,26.93083931336803,13.506754772697843,15.692270292687908,24.438554351178592,11.505513851175522,4.130005682656561,16.618866092609377,6.777241627803501,10.819574098524832,14.98471057512984,25.92953339419775,30.41270894389584,16.159459477725264,17.311417018363155,26.183765651133324,18.456616533849072,8.401364320690991,13.749864563340399
27.110538353118674,21.377830210051627,8.691851215421282,16.716747071516675,29.988365090753557,17.14001119233793,28.39488542620567,32.28135191767304,13.673865434410542,0.0,4.297663342338675,27.96262228221737,34.1415182044695,10.14076437162487,23.371002441102966,36.703878013426454,23.693896915037175,19.29429904169115,33.24638264809682,4.256713305270312,34.444453953623146,12.011076520598538,17.062276327307206,16.080374652961037,24.766534365748385,13.341174565063985,25.797488249827733,31.536334729376296,20.10939713321174,33.76229027921476,25.027567494542446,27.187906675353936,21.973398388385306,24.71746767294872,29.900627254358422,18.99510570690057,24.532333017169524,27.378409488544964,13.055183347808562,20.787500954139905,21.094214314617656,25.80010821049922,32.61842474205432,12.488121376340162,23.62052445459677,28.817265233019672,24.802254670386198,21.60343510100339,8.67536977980342,8.599513987216167,23.304262551327916,20.192546614419644,9.085714285714282,9.825414775479155,7.311644612450441,27.866762295184678,13.402261155552548,31.792675321237635,6.984741387116489,28.402299993098435,14.865457014330167,5.059002079542598,25.009337031906906,27.484763868331836,30.08604639621335,27.03415526737257,9.551464039932435,11.25245442613499,6.16423390145415,11.067291024105444,29.369591938129563,3.6960651995309384,29.18801878881687,30.32032577499854,11.301356248752823,34.867109113879565,32.734455167331575,33.85242064717779,27.52880791654667,14.04602696385664,1.6642703861955086,20.091457825429696,31.754851276487454,18.97746031480504,18.941747866680572,3.0191876188059306,28.70311253832509,20.325906260389043,24.97226543220151,17.496467281909762,3.3319382114465994,6.969072201300458,9.840373312978297,27.55052886636346,14.907712837347528,31.458240541377766,12.634855579317247,30.867165039099724,20.393804581443906,24.458489949550138,5.630091165390864,27.110538353118674
24.6514345320875,21.409472631696165,12.76217497937094,18.212670180455167,27.0363238655566,18.478258598047777,26.207436863203075,31.181160717225865,10.904797670974826,4.297663342338675,0.0,23.703389579362284,34.14200453209196,7.735095741000817,22.26178715527886,36.18939973336425,26.87318244447199,15.987007990546447,33.00496437612663,0.05421047417431295,37.2271658544002,16.14717009388383,20.17474679303969,12.925759757403911,20.468951898832888,10.568192554905075,22.394457769178295,34.77814232637318,19.312058197839367,34.3158424768788,23.533253242237148,26.71291730643451,21.74847609017464,21.278457056231247,27.296263031964724,18.960689731706513,20.239297398468985,25.730509167927792,16.22592030659335,24.570792018332728,24.41208466213036,23.618135543065467,33.29226716613371,16.079789825004756,19.944798923068454,27.750139988615466,20.60746843020852,17.97443081895241,9.765667474601505,12.48470868784723,24.617626338268526,23.68686331867415,9.980868229379888,12.450589363970048,7.582105679203653,30.73186951816685,14.137796497188603,33.33404216933402,2.9183668902525692,26.65291468534895,10.568915531415891,9.209815526969924,25.603980557877385,30.71208284459166,33.22966759032153,23.559250880297874,12.462868932987153,13.189721415572361,5.538098104245252,8.211589619655422,32.50877432576112,7.993389105239097,27.43928897751975,33.298207342811985,13.929307233312073,34.72116333986333,32.0000025510203,32.131550011203146,27.840865574158563,17.972468741190266,5.834618711638669,16.199854874633402,32.87372500825496,20.538809853642483,22.850579772040085,6.4610380160542285,25.05249541523982,23.43451144211486,21.635515020541607,14.28872311171524,7.591208663947517,5.221259524330139,5.6384105445939054,23.756369543294085,19.178942534318566,33.538601336248895,15.15049403114483,28.186621229344443,23.892032657138987,24.9022939685877,4.986479679276427,24.6514345320875
20.745732976559147,31.33958571284983,36.403816799217914,34.1740739539822,18.2481265462781,33.893886752387566,23.167250636206624,32.305340179011154,18.61639303935965,27.96262228221737,23.703389579362284,0.0,39.93007152817157,20.93819476459229,27.04146475926425,38.98080658006774,46.321668575212584,14.305198141848685,37.92031387108541,23.74919358459077,54.31037064119221,39.81095941817929,40.18128105148933,16.23117182385518,4.447241750082124,18.729495237104885,12.980165717001318,53.81552162106151,27.051765342824954,42.596174591105225,25.78119865486538,32.4511387806848,30.54047030631015,12.564041985778626,20.951664489914855,29.757126260197,4.033055255495214,26.060802374603956,36.95164230975065,46.143912946788724,44.5379874548751,22.05272494616074,42.31149214276115,37.78718927717948,10.459123934125065,30.25908532817803,3.745822162552486,11.380701172760556,30.451968469599294,35.997995862581696,38.15802074189351,44.41992162008724,30.295420547047193,32.82290887381519,26.329224238089353,48.720425251989475,29.68169256409391,45.970034605519416,21.4783650044715,25.98484519083838,13.414655403395077,32.53561188630585,36.20618912026291,49.99193404328097,52.010561250890696,12.505088596900322,33.3643382878749,31.9568239335258,26.27392157828825,19.529115469483205,51.329241218642935,31.64081528400832,26.419362102018113,51.45934222316504,33.92541976339348,39.677893706440514,34.76456464709489,29.464641971872187,36.645979816818844,40.341222548835745,29.364093025048017,10.091072635690201,43.86423023236075,35.99269313601962,44.910156844026965,29.412117452866674,11.055348691645937,43.02195965137918,13.475027242409324,15.440490634057204,31.285225827889445,23.19125098930585,18.713978623434606,9.066027188332923,42.569193805197784,48.27472402398419,34.60022319144718,20.85998336822081,44.62020627656561,35.132712124521355,24.84451896191552,20.745732976559147
19.656967607192218,12.790110975887197,38.79964864137145,18.832721849082198,23.74004109137994,18.141168875330646,17.50879988661095,8.837022307616184,26.054131404928967,34.1415182044695,34.14200453209196,39.93007152817157,0.0,27.347129088585426,13.484412770124697,4.823117799320521,25.355583855495443,26.617425625683175,2.150045087329803,34.174723204767126,24.179536634036946,40.20414843048424,25.22511867652753,26.561860028304963,40.78438476692184,26.24967778227895,27.224784026804002,27.891407498455468,15.266395268359716,4.397435245082511,14.18637460698807,7.954359605568123,12.40206039498342,27.433719159799963,20.741156955115464,15.219623208616069,39.89836762043668,14.017302427604918,26.589278796890593,30.729430950322072,26.374189609370383,17.973310825799913,5.40421604124115,28.89842874056424,29.478866314423847,9.747338726283084,36.626387276087705,28.866881525020876,42.81109640630807,39.647518799273875,13.506102022298467,27.829072450755305,43.20379915267278,26.314844107616587,26.96210129278593,23.076730925416662,20.806881122379114,12.260499041013539,35.82596709605125,14.379495605811455,36.63852104670432,33.03664755438501,9.750292931235345,26.45096194385191,26.329520020118025,28.08564045913854,27.17516513289294,23.975577369566757,39.46759683588551,27.800556153591234,26.06533517833952,34.63831263270219,14.19367493509927,24.715803091321543,25.434754946405,1.344157425182578,5.976369794312206,13.779893071472815,6.846205563101718,31.25563642230414,33.52929879301117,31.122237472683775,8.909174358777703,17.329936349495085,31.748798209618926,31.771061148954594,30.313423981289006,24.755312602365095,26.56705401778062,26.410333784567072,35.162235772058004,28.9698308942392,36.42976939206703,31.624222697554007,36.38315286289656,16.72834573472249,24.342839034198494,21.483467967680802,27.878887337619368,9.949785763256106,29.285800696736633,19.656967607192218
17.062207431894024,15.010663964430796,18.478767517872825,14.313618461779251,19.853545408972234,14.27036546876936,18.513658719541997,23.621221174950254,3.5720548022397525,10.14076437162487,7.735095741000817,20.93819476459229,27.347129088585426,0.0,14.782720193744137,28.939463346363393,25.638155876246127,9.456224383538956,26.00504189732508,7.783159213772948,34.61876806070396,21.552737408410987,19.30613014626416,6.192582791747965,18.973085125610787,3.2510469271373146,15.935380735447565,33.34761625969811,12.138752919842284,28.11263932461551,15.86417450272977,19.61556399954914,15.03956252077588,14.912049093376307,19.80100182994254,12.634471795489532,18.417660557415083,18.01558508965082,16.014924671845883,25.21494600511404,23.692054984482773,15.917851357414248,27.257681935369998,16.950021130562952,14.214250969088903,20.230605224636808,17.3081743103998,12.176497938275041,17.479368596451422,18.595899482171344,19.829514180964225,23.499662177337353,17.710695488711828,11.897006997989203,5.472251336870189,28.546352424341258,9.630624622123163,28.527511962586395,8.638792432619129,18.92313647040445,10.739654537825537,13.072976957472704,19.712496813246283,29.402998597602465,31.604371694499505,17.237311216056398,12.48244873935448,11.095243327200892,13.240823699638096,1.4119721336210713,30.900393498584233,13.051333499778826,19.70883651397753,31.267716153716563,12.989716497825407,27.782558616248902,24.637172512034635,24.40002542655082,21.51445645919724,19.643440406924856,10.781344431707117,11.437163912760314,27.444349033590704,16.48662537715134,24.05245492158965,9.956635773109678,19.13420102799152,22.258381040197246,15.05436678122575,7.607354121814879,13.048090641459964,3.2071807188347377,9.117453994780492,18.290560964830004,22.57661567884354,29.643787248747074,13.71313923779315,20.748098511351216,23.701232207698933,18.84527158797373,4.839510854014325,17.062207431894024
8.955334062069674,6.082333064721471,29.976088429797183,13.254799053896807,13.756061372711153,12.538754942585172,8.14301954725265,8.941737949136082,12.853039345157363,23.371002441102966,22.26178715527886,27.04146475926425,13.484412770124697,14.782720193744137,0.0,14.258096733048893,25.09494135543363,13.227022433222814,11.769105179863669,22.30356867208035,29.57383344258562,32.2431805794272,21.4431379062232,13.099038755822145,27.484496557521446,13.088703339217403,15.070375318647438,30.900778670593063,3.4971428571428587,15.60231693940201,2.6560366360886083,5.57459250821556,4.749839954339172,14.968728218849984,11.46554732711021,6.516180175657566,26.620478230574484,4.967555141277509,20.655855324427343,28.189243280632663,24.63930160685301,6.697089224553653,15.27028326588633,22.78491445080741,16.64712661361701,5.4917377644484615,23.554092326093198,15.723364650047625,31.704934528703692,30.536183154295053,13.234152478974039,25.46104443406573,32.01321053845727,18.378949804555408,16.13470742447688,25.422256037590692,11.874408084066289,19.466391760243223,23.42005420095159,6.1651634865854525,23.25578795632149,23.8879732356289,9.866321192701513,27.879419664267168,29.04856510559304,16.209539141618848,19.345021191458002,15.98407574903912,27.789792869956802,14.931940289738854,28.501194819208003,24.94530768521816,6.8186778298244,27.945449485359433,18.211919846347776,13.602757223505558,9.881812607419917,11.009572087552739,9.672962528699914,25.709651010895513,23.245139057358177,17.766104852573985,16.997425975597547,13.566272704838306,28.227305928834234,21.69678994408046,18.654863129150716,22.78822897005901,14.232020236073302,12.928510497093985,25.281739154850037,17.078450438718235,23.565518220051768,19.48468032447386,30.397611614018867,22.55605262904131,17.7085963213765,12.573569947492627,25.601317568134846,8.80288635410371,17.88686897231187,8.955334062069674
18.25380251132484,15.510117830050184,42.07993559396017,22.449767600269773,21.695306743484352,21.714120300121834,15.875174304040678,6.677401425398831,27.102228238840507,36.703878013426454,36.18939973336425,38.98080658006774,4.823117799320521,28.939463346363393,14.258096733048893,0.0,29.99356339113375,26.587549027040946,3.9978157301512645,36.22722169635335,28.955787832134558,43.73735525723931,29.404317883672825,27.118813410920588,40.34882351672318,27.343163455516663,26.02473172243068,32.71367435486143,16.883286264884596,9.07956665332905,14.050712815093934,9.522745273870363,14.751824515313766,26.42742545778023,18.673545185526997,17.772455643265413,39.434831801133285,13.046795524932078,30.39835119051757,35.17913528192064,30.867807680825155,17.011554296766562,10.202823138719987,32.71677345500504,28.688974772016298,9.195940541835814,35.924512693214055,28.407100578293907,45.29350487292266,42.84849169826549,17.77867192762733,32.26404582598445,45.64948120947135,29.651672493008775,29.405297315349177,27.869482981079017,23.693816294810865,17.055204484262273,37.566700843232134,13.000673137988521,37.35340063201087,36.15446453928545,13.643657418562736,31.22163770887891,31.145816373166717,26.686914014022616,30.559137181964456,27.234707748063848,41.65403162984836,29.17080172825882,30.874280955024613,37.60185188665742,12.569584280301072,29.536923969009035,28.92723425481,3.4815197244646976,4.456747235189287,10.664524444749192,10.698640005121382,35.22798748212586,36.27278284761461,30.928013851786964,13.716096309051773,21.233198495924885,36.074412889278214,34.5681708028218,28.71183443694766,29.19323377015954,25.50804146914923,26.716162500918994,38.06787879457387,30.96815269971157,37.8178772108469,30.263586525521973,40.33322305039176,21.536041362121786,27.942636283088596,19.2144206049434,32.32631985088994,13.560097525385249,31.525005818187164,18.25380251132484
33.77534422550006,19.046208042976076,22.04667405153652,12.64446963082667,38.468498854018634,13.1593064763602,33.237033684780975,30.10139274017,27.712662691798265,23.693896915037175,26.87318244447199,46.321668575212584,25.355583855495443,25.638155876246127,25.09494135543363,29.99356339113375,0.0,32.791063989309954,26.088528091082175,26.863644805664364,11.248653797006021,21.361190060863336,6.69855908965137,30.222370954682706,44.610714554479216,27.592524275940526,37.8535170231302,7.908674648376777,22.479142986060545,22.027190618202138,27.743610406134003,23.77365717575241,20.414328701344317,37.246422647014036,36.48793012624804,18.951938353290902,44.0425123011383,29.842267791486215,10.673655533554546,6.366373394962128,2.7956000414645747,31.537648638296623,20.599958787357227,11.417194337078275,37.76986942967495,27.73757195500687,42.60063466040603,35.989961865804204,30.403880525689612,23.24905791376397,12.761518686413206,4.327103004108321,30.940620417773374,14.50778031939822,20.718368070632494,4.899529340161362,16.728345734722488,15.11212622974257,29.755753482412818,30.990971693875814,35.83574774337115,19.241014865677556,17.189191668140815,3.8471107632208614,6.3921712321577004,39.21515783573531,14.411107960634437,14.584068467379895,29.68679607543545,27.000827198212928,5.6763828666660245,21.33120508091565,31.4906866698517,6.806318792872112,13.091857572318663,26.659854708179196,28.43368051721588,34.543129385669474,19.76288915505782,11.264735655476121,22.128825784759684,36.34658471449777,17.52101478749657,11.604435464467006,8.316741905239533,20.741156955115468,41.6303264656026,3.456656400249776,36.8708785036735,31.24364608057393,22.071114006080155,24.218555881381363,32.13762700305912,41.646524219817394,15.181381723031938,11.804571926476068,12.069204528848768,37.613213917777486,4.204231104931491,17.81330115276738,22.975426091405414,33.77534422550006
10.04708913068855,17.049388043359833,27.84186833984137,20.29720801147844,11.225587389749274,19.929557579287163,12.250367757911661,20.17318810618061,5.976566484092309,19.29429904169115,15.987007990546447,14.305198141848685,26.617425625683175,9.456224383538956,13.227022433222814,26.587549027040946,32.791063989309954,0.0,24.76813027967635,16.041107397265694,40.14014185021151,30.977332594881013,27.105047349833846,3.2647580152224465,14.27241438036669,6.259983699528886,6.510495137758378,40.0005126497761,12.788088845739638,28.794530092802457,12.589033128165198,18.791769800763785,16.300865132919558,5.4602085629598776,12.10112087910092,15.462305976873209,13.422583467379726,13.690490070386337,24.417459126700336,33.543525425321405,31.30693135745514,10.078658802901607,28.370144122845414,25.741985081154237,5.05516668410465,17.417218784986357,10.628695851806285,3.1998418328258103,25.445474959575176,27.875071153931334,23.87326127871164,31.451294123466784,25.550587516708486,20.535196664283895,14.620606090343163,34.763351568065154,16.086039073097655,31.69372615441454,15.44100451422003,14.086850142554065,11.499778169998919,22.529034328064352,21.950710648158605,36.314916483225915,38.164162268188896,7.786877501572102,21.280280034984195,19.089508604872737,20.887415994774834,8.28901018191668,37.504528379644924,22.442697644245452,14.751824515313766,37.48942185497675,21.33197657250251,26.59153340782723,22.15178216444953,18.98983702415799,22.586512862000323,28.595976311790608,20.13164916143692,4.545023742108121,29.68975085989185,21.940298958021216,32.68003247319347,19.406516894053496,9.716386327503969,29.653515880610723,5.680367909901322,1.8514285714285745,22.38288048432351,12.600757994692872,14.087017036249792,9.109940746687831,31.902267592618248,33.978249945925036,21.707609499990586,12.78899654597894,31.640977822295884,20.88516473773786,14.285308565667266,10.04708913068855
17.553189139856947,11.891361295889872,38.31117149376262,18.54158305109939,21.597414811282675,17.81608078938456,15.380238579928145,6.706538996093469,24.51044925024793,33.24638264809682,33.00496437612663,37.92031387108541,2.150045087329803,26.00504189732508,11.769105179863669,3.9978157301512645,26.088528091082175,24.76813027967635,0.0,33.0399831990865,25.713919997399326,39.88082245892128,25.407842594484922,24.86659918649996,38.871310442409886,24.722003089043852,25.161001894331044,29.143991574558882,13.867427111540106,6.282547254100045,12.246504874152993,6.402025189782701,11.30120022522441,25.397621614502988,18.59545698304194,14.25128307864787,37.97845533177666,11.937584618783323,26.45496134171881,31.198502318841776,26.89967756426133,15.915968108045659,7.047570141400452,28.77331927395267,27.481513192452457,7.678966767231442,34.65592978680207,26.92960073819081,41.88808295777632,39.11122475761679,13.78517038157235,28.281786740312036,42.26335972814044,25.84631817619883,25.992325397929225,24.159255293293512,20.051618286770953,13.8010647326611,34.563014324327575,12.260031627618423,35.01454904604597,32.44313681706213,9.656679616953737,27.4560130583671,27.520410533245453,25.998814415669187,26.738779908971317,23.45266287478604,38.401182379755774,26.375777384810124,27.211633166567506,33.957719689793834,12.056840889922116,25.95611995783087,25.068238624903465,1.8343658193456602,3.8565332851658143,11.698866507103173,6.705465331065582,31.255946699494363,32.726697583072415,29.246322217764504,10.442969317357269,17.26078012756796,32.07840853093481,30.994176674903013,28.207939828845262,25.213086980812975,24.5214834588042,24.64480538882507,34.4499694025515,27.799758037414197,35.03188052419145,29.546513727839155,36.36724518641713,18.19102716692367,24.049717890491873,19.333875103832963,28.346433530120702,9.61873172512884,28.22467179542011,17.553189139856947
24.702880935846576,21.440239109236266,12.71321729058192,18.22571943654329,27.08984778586296,18.493361191607793,26.25746867511203,31.223750771566465,10.95655241471178,4.256713305270312,0.05421047417431295,23.74919358459077,34.174723204767126,7.783159213772948,22.30356867208035,36.22722169635335,26.863644805664364,16.041107397265694,33.0399831990865,0.0,37.22510541918434,16.09895927679545,20.1653199977646,12.979418558720145,20.510316368867162,10.619899688215284,22.448667975573755,34.76816982029772,19.350550063372925,34.342756833701856,23.578328340807765,26.74955959965528,21.781934473038774,21.332665380699567,27.348504566809794,18.991570203000858,20.282173534049697,25.776940810558187,16.214505977106814,24.549265752351776,24.399802608769985,23.667978884767408,33.317759191623615,16.060917705754562,19.99866934348893,27.79218272119272,20.655826869759277,18.028450984429007,9.715403297058224,12.433784128538747,24.63450044642468,23.671213207055477,9.931693239938744,12.445726092084126,7.601267348680905,30.727977280567977,14.158298064443782,33.349202481055656,2.937037241013817,26.700141710240764,10.609101983578025,9.176345811322696,25.629437156902057,30.702072256059957,33.22132681128255,23.61343788988786,12.453834423049578,13.194755915645779,5.494198795835774,8.26314166670774,32.500456511707455,7.952068656542607,27.486565475385483,33.29269086911003,13.925276973026788,34.75538308034058,32.039523041623035,32.17890093378147,27.86972023760642,17.946860335957577,5.798493822730596,16.252775712700487,32.89403841527072,20.551711979933017,22.82595085977934,6.437251283089128,25.1063741804705,23.42573153519829,21.689698109508868,14.342589638939694,7.547219517741591,5.259282173414147,5.668300684778572,23.80970064696234,19.141533429712897,33.54664422525016,15.148670582205003,28.239213725540136,23.876332402184214,24.92930412349355,5.00958754259657,24.702880935846576
38.500082586712374,23.808015799863092,33.294646011952494,20.359551737176712,43.294115167806176,20.52358006721805,37.29685744818461,31.504490642006015,35.95558075953024,34.444453953623146,37.2271658544002,54.31037064119221,24.179536634036946,34.61876806070396,29.57383344258562,28.955787832134558,11.248653797006021,40.14014185021151,25.713919997399326,37.22510541918434,0.0,32.50615715616389,17.462337314626463,38.11438166618892,53.24618066210984,35.91469484935726,44.12160153993709,5.825570656114966,28.028466579096158,19.886637909584884,31.976175825263457,26.188103234491958,24.96881123910142,43.75060340108674,40.79142046648375,24.82179753065964,52.57390087354394,33.50409052089987,21.43620206994871,16.863779807260144,14.044185665976086,36.25746707048559,18.776007269374173,22.525303323061344,44.79936005373837,30.22647899860421,50.569121497012304,43.27493500861671,41.55163004243844,34.49757968440152,16.51654458105445,15.50684904637105,42.08466684759984,24.80308407420006,30.375401433477347,6.596280955885642,25.033514189043878,11.926563047351445,40.02112625775011,34.47855198436813,45.26448317096632,30.26895601039427,19.834293122606343,8.209352555942221,5.723660880725816,45.392071590370335,24.923910329690422,24.208415470489527,40.55061236609511,35.86427476029081,6.209998521147414,32.375818640662374,34.75552259742915,4.5290896503849964,23.31359242666678,25.49696740670889,29.09453977807449,36.52999259764055,21.1949504960642,22.508630181622806,32.95442195716096,44.222793642543884,15.288699308005643,18.36073627975452,19.08816151975044,31.435985099622272,47.868496393126605,14.278188875029645,43.186817716634266,38.87403204385851,33.114791072194635,33.849069561866564,42.15983115793167,48.3222235601376,26.149516716180358,7.554711464121079,22.076812103495858,41.83563172264347,15.358172722943152,20.8444243021916,32.869836057531224,38.500082586712374
