0.0,36.86114928390882,33.257677462566164,45.15182876491633,41.099394900953094,37.209056172180574,8.703778208458715,16.841973804535293,32.32017831836038,30.130164964970344,46.2114483562642,12.81260858590124,3.5420644274438695,18.639576065950838,8.848936290277361,4.231821145096,37.617702302647515,35.27040685900859,11.016616762779721,15.917629810229606,28.49844678904019,14.25198417979842,39.6351235699873,13.022806995452873,17.351975950529532,30.806520380581507,35.82198025497411,35.595577345094604,33.641266204421235,24.882182462188332,21.32067694296132,43.127507203071914,47.096398926422545,28.95154008804001,21.155285922175086,9.181660514085582,45.30483850359401,22.379853914279458,39.49715029761835,37.065481603921086,28.68009734421188,31.632343561356205,21.04649313946121,34.15310210908329,14.514240719840268,15.800107465405649,26.155236413321415,41.51027726199075,34.821767998345685,18.035361184662328,40.1182452258321,37.31461736890458,34.24243554183514,44.512338853446934,13.566272704838303,41.64534577224442,32.98387732309993,8.929075642905858,7.4631306009842096,29.02615288012533,37.52319250157433,39.651235871312366,23.846398264813107,19.061168989999175,31.916685419436416,30.540224930008456,31.150651711333683,27.19886492229454,15.463854893372005,45.00617753516211,6.253572366810733,7.84914502038409,28.029326333215312,30.923851701908553,27.66910249092047,39.16492725041899,16.529954998272014,38.44253511570808,29.336332561573972,33.591659314630526,35.20532288140066,24.560838914077536,25.76717988417967,22.209714366576126,12.2763086920312,45.057432737540196,23.492908178722306,18.955698297851853,17.094188056357705,11.04145065890625,28.58806201539234,25.501162518519,9.162211657071646,13.997245210018567,15.297433158033076,39.52833961416873,44.900114449197346,40.01038926303506,43.0388047023158,26.012736597792287,32.65537902998274,0.0
36.86114928390882,0.0,4.34022476611617,11.958393175796603,30.525551692351915,2.8066160901610715,34.60655452839145,29.12394344234058,27.972037349277716,7.576793786400199,19.625449533392988,31.00183694359982,38.88739536620249,35.332493225797414,38.31282835195713,41.06355571748829,29.74483319907537,5.41611201765206,26.855641295410447,23.058589439486003,11.816615075254617,29.831014678262182,20.404501304109044,23.871525519167072,19.897599896285303,13.636245817672838,8.99599911071583,5.921014805464567,38.71258362099131,21.98514452060383,30.547368903700615,23.144253926102657,13.321676673292858,8.663522401896541,37.60228955252375,27.83861185842573,15.526366251624745,16.459972970940193,31.231844031895605,3.3839235770788614,32.445523574138846,11.500417028818331,19.44704331968104,2.8972950086842957,37.92454506473805,21.076499728757774,15.255033562060484,7.669776358392405,26.265095018418084,21.48735935951409,26.601660221320998,9.76933812225469,2.7803684970866422,19.826846363824323,25.934378098326142,5.304239351880797,15.082012532842437,39.74593148220023,40.513645773708774,27.115453836045116,12.241608537763195,4.399606661453974,28.775872546568014,30.723233248219334,35.80312288283335,37.829287002295466,14.239400354262802,19.26944075314007,26.835279855033356,25.460438459119516,35.68417382011932,32.35403996475272,11.515764527510157,9.459331641402622,34.971079830193915,10.894295830050376,29.890821743301,22.852354498441706,20.559289275415235,19.978027113479918,14.579715290744998,17.393648383293037,11.276729877703637,35.20401646844013,25.208581629181403,21.47076987869027,15.232361897604449,20.31245561376626,25.358249472834878,26.298953187826886,8.394505491628415,35.51346740811067,28.880728692259794,27.249923572257543,31.57771986443503,22.651676515869458,9.757674530588623,33.32192218283908,28.497286659237844,36.87135274249135,30.18390326525929,36.86114928390882
33.257677462566164,4.34022476611617,0.0,16.095052351703664,32.026050620820335,6.430011267327546,31.713771424401468,27.098785272873506,28.29342232637783,3.321381566487669,23.019506191621975,28.493537828061708,35.48482400539528,33.49888429454915,35.39378983923131,37.48373034819676,30.778590491656068,7.548348650330001,22.942305632937202,18.932483261552868,11.106057916694816,27.47141653665883,22.530808295509047,20.40530063188364,16.787374264424958,9.737459753394598,11.148394228656922,3.8996891555871573,38.55788333592676,21.12493216991888,29.1469408903457,25.638585716669713,17.563231537527944,6.9823637889781,35.9792307435548,24.130329801445537,19.251917052701053,14.308330668900977,32.43483388241093,3.887499589868079,32.003033019527685,12.049489785116737,15.142063591067046,1.6205214580246585,35.56493434693843,17.61500102822846,10.931619742932957,11.740166532212463,27.091984807620253,17.278817986783935,28.278180814969012,7.962206647272949,3.365636671431073,22.908688308150687,23.185719038816515,8.397008213570802,11.601446778179813,36.783286799239434,37.37968454022226,26.94746453561001,10.13735867059692,8.589409711014689,27.761273275510092,29.015398585958472,35.61442908686974,37.33597007209655,14.716770941302835,18.832581406938868,22.57949223051207,28.033263041156907,32.56966912541138,29.30817480165017,7.179071624364469,5.326465305722099,34.26903451412969,13.89528770512375,27.838279327544072,24.549989982956514,16.568524868754324,16.49575826739488,11.599648129779359,16.149308445419766,7.491193196694643,33.80039366996926,21.341913920637914,24.466262652135192,13.177104447967809,16.10246374861655,23.199201252963647,22.47953518293508,5.823981385931233,34.50676597363455,25.69993313737034,24.712158455104724,29.387977550178505,24.561520926116962,14.077553126904416,34.432690684219,30.471109100193882,35.86318901785802,30.43487258701365,33.257677462566164
45.15182876491633,11.958393175796603,16.095052351703664,0.0,25.2122186121519,9.711091911955572,40.954988931354215,33.55071312238248,26.320019849877756,18.984953870615215,9.612726258582887,36.53313396837206,46.51298172970375,38.787831039318164,44.56722507651119,49.16657799599982,25.865390318464758,10.246353258698472,36.40975783091838,33.40676211640452,16.737276495588993,35.06039104756481,14.704025271457928,32.34544159285407,27.845240534212717,25.593275264715732,9.434803135417381,17.623390764572413,37.38638625958679,24.378523167672288,33.22794299860235,15.701060408748944,1.9684449472119068,16.625504871879766,40.347982272591864,36.755664952799435,4.910553399961918,22.8560835468818,26.710337370557102,14.7619510905571,32.397664314904304,13.935635131941858,30.589198573806318,14.486475043421482,42.65039847171323,29.734086809036977,26.943821827904767,4.363387562480345,23.42344194718319,32.16795363115793,21.2181347157644,20.863533267597873,13.113837527355505,10.923713205869221,32.461497192828304,12.192139321074452,26.91987567063505,46.06695287230072,47.29868065640663,26.91538305315306,23.313189049837632,7.559397449262632,30.623309249454973,34.19110947815145,34.778395827388735,37.491902799273916,15.471074788198806,21.16377189482835,37.60094918471921,17.45358392527834,42.59680240945561,39.23273477022753,23.16215068791747,21.37436572635739,35.411670162157975,6.66248712523165,34.322936937272715,17.999844897290934,32.51766841555024,31.766496019985507,26.15720262145002,21.637796862463247,21.555225702878655,37.51685988339381,34.68733345244077,12.599661803041396,21.692651628924423,31.030617138561713,30.48255011025963,35.59725740410176,17.624474633941546,36.73648689501699,36.30970860218394,33.13951953637893,36.235377458939716,17.174987033236345,3.411816201954376,28.87250058093199,21.9933971538584,38.001507596302496,28.464876745970027,45.15182876491633
41.099394900953094,30.525551692351915,32.026050620820335,25.2122186121519,0.0,27.91324636170038,33.23515473416788,24.346538956978534,8.826424149411023,32.5806753791763,17.092210900564847,28.458635072752195,40.44787666281892,25.419967083586325,35.65752609684158,43.785800326179725,3.6050984305393863,25.141424634516262,38.085124848080476,38.2975572301409,22.16572091481505,26.915770659672397,10.661547921462091,32.686443548308134,29.13067812741861,40.40027358969798,21.536232403149093,35.66711399045573,15.31605640083208,17.19647329767214,20.47280645347952,9.92635083081021,26.38423833755792,26.287401809185155,25.032498713407232,36.6092005832815,20.835483861794568,24.44569625324921,2.3433100607508868,33.81015183856675,14.355492442452336,20.090448537774847,38.93898775452359,30.888593496034506,30.826313170300942,31.641581528625473,38.65174495097345,26.049528962798416,6.550007322008682,38.47334195019099,4.051303645061647,39.826989515623076,29.045712037323202,14.958014710570136,28.322848352090404,34.35122740878113,42.920949073707064,36.95709371027711,39.00733494603081,12.089993163516574,42.13186297270772,28.04937105046262,17.52121606067621,22.644877242019273,13.892326468013827,17.074578310745945,17.648827445586335,16.46722905206159,42.72394157464253,9.29364232984582,35.73641463006948,33.274939273775836,35.844726364742485,36.15048140927654,17.105797083958144,20.582918219945867,24.7744239414896,7.7110278835190424,45.950382112954514,47.478404801014314,43.436691722034965,20.544675460953826,31.248569730534566,22.21809521768328,36.699906467099844,13.691037437771067,24.364825097685728,37.81317943224967,24.34819860914158,36.82861886287535,28.163215261712413,19.51098905431375,32.639986494595036,27.288332559494194,26.365981793181287,8.1790653625021,28.162756126719223,4.023279198639348,4.034949358607939,20.182938844681743,9.105068335150214,41.099394900953094
37.209056172180574,2.8066160901610715,6.430011267327546,9.711091911955572,27.91324636170038,0.0,34.30143496730605,28.219631898552397,25.788692348803274,9.28418273083807,16.876130710417655,30.423413647373362,39.01604693414424,34.24702245362033,38.005466846285174,41.36524539429945,27.277711915535342,3.1484106777735263,27.639570568742375,24.18875974412875,10.550784476105296,29.154169233121173,17.67807635670435,24.18941579978098,19.95985930996181,16.098931895106126,6.399040744438153,8.686473651016039,36.680687239016265,20.459560112573293,29.22897863143245,20.35581288888623,11.280013026479667,8.328412152360848,36.367822961221854,28.365958903054835,12.892534147121498,15.889098303489698,28.70392648956528,6.182680219280108,30.58470686270429,9.534295560592543,21.00975866552668,4.810030336363244,37.18363168527413,21.432890993203195,17.232801186536502,5.347966998814422,23.890452025007473,22.784224402701376,23.955497515695427,12.575953731025647,3.4423010813544312,17.028484180025764,25.597592361272525,6.879926435297256,17.72070667038872,39.46731388511413,40.38066864230953,25.161912908689786,15.04750355591605,2.498979383505125,27.249190214517178,29.593993874929883,33.80032846115009,35.962960537367394,12.195320614807926,17.56267098834622,28.201172359477887,22.663090554233502,35.56174876901028,32.19584204362357,13.451190676376752,11.751112843523565,33.22657652776015,8.088177312899237,28.997212533170792,20.21581922502216,22.977088854876673,22.630662241069917,17.32567093850589,16.19967346609688,12.243468896201147,33.85085366541812,25.948374491969822,18.667681993766877,14.642258106213658,21.623932319991933,24.59249661575494,26.970133140803235,8.681566678889245,33.929525520419766,28.872688881801537,26.73365226199567,30.762922819656833,19.963267492562228,8.082888956156147,30.816048826968753,25.778844672581062,35.280054144065076,28.0158660587248,37.209056172180574
8.703778208458715,34.60655452839145,31.713771424401468,40.954988931354215,33.23515473416788,34.30143496730605,0.0,8.985424932883797,24.409243481659537,29.014127452617533,40.42998483142663,4.930769696093944,7.23517936254266,9.947880504439738,3.7080122845051116,10.589818753146332,29.675320605870873,31.838845738487183,13.944942467008003,18.31531978359947,24.353267391729208,6.561326396517144,33.17469308410388,12.235305222083797,14.945681240917127,31.89899262691919,31.532425293623692,34.76529585547011,24.94399408307191,18.198658842713368,12.954885612173108,36.43491171715302,42.92311950167534,26.045636557271344,12.56420571727964,11.213525360938377,40.26451721974045,18.45030213789443,31.47265168494121,35.59690241052568,20.188260076043186,27.026870982450795,23.023571949333196,32.230983192434884,6.47673387076025,14.675497279757279,27.347236550313,37.82766723131714,27.222020498118795,20.23136058253147,32.7056287984506,37.33767020485518,31.839487227949753,38.51537260017891,8.704115845567614,39.77796005481488,34.47264896306363,5.168223158131323,6.422076719236162,21.17569650445953,38.11086941211048,36.56701625168534,15.732959294527692,10.699464033877813,23.280227223801678,21.837638356278173,25.89201437052099,21.010940590316174,19.95031624730162,38.091077534707544,2.568970253480038,2.797281479127439,28.099673903257088,30.76529186719133,19.005453137970477,34.52576535675042,8.479408912784198,31.509979760225107,32.31017025706946,36.25378707874558,36.49052345528652,19.37420460513496,24.53167415270906,13.50614553997323,14.207747239891798,38.812749851310556,19.691838151780505,20.75328899431684,10.681774674841332,13.145352558130611,26.2531257614193,16.80372553443833,6.507650756405642,7.821690406576224,6.906273988784637,32.68351690915499,41.3203777369778,31.7978743995024,35.54258382990919,17.311060519983478,24.482838971035047,8.703778208458715
16.841973804535293,29.12394344234058,27.098785272873506,33.55071312238248,24.346538956978534,28.219631898552397,8.985424932883797,0.0,15.52959307981023,25.04333810963445,31.958341250919204,4.115606930716692,16.13015328191146,6.499765772859882,11.920697144385612,19.453003965077116,20.822362390233344,25.392547195215066,16.87748893209713,19.547984289842223,17.71121816757932,2.5899901504816265,24.426165295035734,12.400366024880894,12.085762917835282,29.949984429827985,24.332049914900804,30.66351631259959,18.08779405780459,9.614392272812161,4.860355240229309,27.574806602833558,35.49664841896473,20.511634528247818,9.294796437594883,14.525706417891541,32.25601111515843,12.799608412377466,22.67492006601126,30.819620042950504,12.18259045540322,19.760591580006828,22.964890327521747,27.206929489468266,9.11150517371374,13.39347632854388,25.92485782142738,30.922027021235866,18.246910613547037,20.868181032179987,23.72028839691147,33.939917621633455,26.36984362982125,29.945705971348353,6.343343610688711,34.4276078110553,32.74317127747589,13.373856922353845,15.153529392891427,12.257862116758755,35.239727117940895,30.227266512477208,7.014194354947658,2.9338836836840954,15.836669408659878,15.302648030151314,18.108318981245347,12.685714285714283,22.84210934182028,29.161536870560532,11.422495527757171,8.993270953828736,25.43807077783138,27.624462983052553,11.963908991936831,26.93459288494168,0.7818345772108377,22.596555272963215,32.28023670347931,35.629654239474306,34.42272054611486,12.144029523235872,20.913533944334134,8.036508532177086,16.17074001562888,30.118834028981034,13.972101648993107,20.894337090441024,3.9512333388398084,15.660448034876303,21.287232160645598,10.469571068928609,9.317974729587137,4.317175947684469,2.6941024024899356,23.79098783238763,34.40258367136553,23.172336779805672,26.562302580298773,11.50980416152832,15.816754743380352,16.841973804535293
32.32017831836038,27.972037349277716,28.29342232637783,26.320019849877756,8.826424149411023,25.788692348803274,24.409243481659537,15.52959307981023,0.0,27.99156141061233,20.748296807404778,19.63818105380538,31.621676368063255,16.920347369425983,26.879393214725603,34.96055713374775,5.297697613114588,22.678399684389063,29.987527203073974,30.787464186262696,17.328181128568854,18.105616672790816,12.593934400078053,24.6385501826313,21.56375871215216,35.333641020352005,19.64789815834804,32.16805869181415,11.129411668261382,9.418982136610934,11.715509343757677,14.418151824724843,27.94286240140178,21.655065863465307,16.971679651822374,28.29259656532364,23.033678979853363,17.65475434607936,7.203937698741358,30.91389542927654,6.7018048132650065,16.50231301042001,32.174270364211644,27.510093138515472,22.23864700039468,23.975264804564294,32.80277987224465,25.666847671417603,3.534090536243709,31.258292483428963,8.94643652694257,36.25031749333165,25.86988920244806,18.450787937380994,19.81839590699839,32.65084303690194,38.04772084139192,28.202709379180764,30.224466369928493,3.3002114960055726,38.31536335972498,26.704510969543122,8.709938025506451,13.848797487028781,8.458380218361393,11.267878854405163,13.752984685336564,9.978173731721057,35.03863290595635,15.22972817906358,26.91034366035423,24.482166770854217,30.55424670707387,31.481068363480333,9.825788642596562,20.224365180118156,15.948736243198141,9.525090390058013,40.09056074968881,42.22887376655736,38.962580478595356,13.872427505593933,25.650876103906448,14.02122239860064,28.72389945672418,17.89188756996663,17.92225659989983,30.75220250947358,15.793931151695256,28.71368698736132,23.38005429368183,11.846111219316159,24.025413075936648,18.62712439603349,17.54695159291441,10.773627664868712,28.564475725442396,8.097527967452379,11.46517566639188,12.834963727161483,2.233708365302974,32.32017831836038
30.130164964970344,7.576793786400199,3.321381566487669,18.984953870615215,32.5806753791763,9.28418273083807,29.014127452617533,25.04333810963445,27.99156141061233,0.0,25.18921051820823,26.076539772957073,32.46042890810224,31.519840981676985,32.660580246542104,34.361235396289,30.98717838864642,9.566697338119546,19.687793379738252,15.615872615740063,10.696098850153025,25.169275730865326,23.718213099916717,17.404601784163464,14.079546606800275,7.9329208147479475,12.805633964177241,5.758826411053999,37.77515996265378,20.06538292275367,27.52869582594771,27.055154550567657,20.558403019054705,6.379746012473648,34.13246177671302,20.970171235177194,21.74255678410899,12.454978842181292,32.753522571111745,6.9489497077483815,31.0684999605053,12.524614133124956,11.872192858326807,4.693825731745907,33.20196158453931,14.641926939094999,7.986161500383279,14.626182840707136,27.197292782442105,13.958676038030747,29.01880150551236,8.952396555204237,5.875200040016004,24.828261053460338,20.6508253528788,11.629694575454996,10.342841357525446,34.017342515792365,34.506531768548946,26.29410859753141,10.584239342011292,11.6282667562755,26.4512285891894,27.170958085156034,34.832602602757554,36.309283683827374,14.950193227882385,18.173272143677462,19.272139984750957,29.479544204933223,29.724626771999905,26.521684312567896,4.219023970695843,3.5706970679435144,33.114680140631386,15.966222509550898,25.75432311639491,25.36941883932105,14.327131960168497,15.010879319986012,10.990109096782598,14.958604103815762,4.494993132954279,32.13086404829157,18.11105333936225,26.29525416946439,11.464829626616648,12.782296430642512,21.097843201500524,19.26809862155049,4.612671101853842,33.12325183681243,22.847055631315122,22.311393995911956,27.189079440398977,25.54344390505345,17.205007339464295,34.65762571798829,31.414443577853195,34.466374029994945,30.04745308232785,30.130164964970344
46.2114483562642,19.625449533392988,23.019506191621975,9.612726258582887,17.092210900564847,16.876130710417655,40.42998483142663,31.958341250919204,20.748296807404778,25.18921051820823,0.0,35.60495494066143,46.86812310371843,35.98736512971729,43.76159121085661,49.87698598163531,18.67190839912477,15.632951070852666,39.20355918869133,37.249262970382844,18.671160780678825,33.99739341749119,8.188419896913157,34.35455945143294,29.822979771461124,32.741587110746664,12.581922892525984,25.545503218646473,31.103081808064996,22.351189531418406,30.258818245804857,7.171207737066558,10.10400930728157,20.684439581877157,36.88474049837755,38.87598240769312,4.706174840850372,24.300790614500507,18.992715252250303,22.88959196683425,27.393840511311726,15.283989221751378,35.583781676029695,21.44600890513626,40.642691940412426,32.14421482846914,33.002849598673336,12.49395608986642,17.32958871115986,36.4763142606379,13.458988044562396,29.27944295221199,19.667579455353753,2.3038494848795152,32.7303117327417,21.334924515489448,34.5526692905489,45.24728788805457,46.83915473539772,22.4007033417275,31.76775415545821,15.599981161684074,27.2624307539193,31.76169429501197,28.869431612566487,31.897002610123163,15.115344278350433,19.419717310202106,41.752490528184325,8.289559698801861,42.481238307790235,39.283637971105705,29.34875166833839,28.26422560374849,30.527828455428693,9.223637778965035,32.66434566237353,11.272663702017173,39.46628630998919,39.464636921514156,34.19852628403744,21.65300299670949,26.35553026425771,33.90489652193714,37.50683203070597,3.4259990349903946,23.416320838950192,35.45144515059021,29.779531115673866,38.17393661563729,22.281823836243472,32.34390154800343,37.05356696041281,32.80209898709507,34.60113198572956,10.08641195482561,13.010265334789779,21.042743671500865,13.371648349842166,33.45161842886236,22.589849987305794,46.2114483562642
12.81260858590124,31.00183694359982,28.493537828061708,36.53313396837206,28.458635072752195,30.423413647373362,4.930769696093944,4.115606930716692,19.63818105380538,26.076539772957073,35.60495494066143,0.0,12.017448539010061,7.410197055960338,8.1702216890963,15.337483496323637,24.927412007421772,27.786688928921578,14.473820984023222,17.948702414585487,20.16021136915433,1.632176461048253,28.267776130197056,10.96383219164406,12.199549004711908,30.01402447700279,27.16320740882221,31.81725831259841,21.346374925241506,13.308158001307135,8.537160068829467,31.508520130534954,38.49636887196675,22.343989741114285,10.43111514965232,11.866547733104218,35.602524102217515,14.565921648470711,26.767680786610512,32.32902884595281,15.930594362254466,22.607451182731584,22.030092220989587,28.822159842024043,7.139542087871588,12.737788870370023,25.68493181709812,33.60598634718742,22.35460779785497,19.569440566394142,27.809777754874453,34.75680359179146,28.221589651346356,33.65859322608691,5.527607889457413,36.26301472209246,32.727115138767154,9.666443534839734,11.256697598155798,16.371652952837817,35.80177672024854,32.58604634389588,11.054391684312805,6.297404713248861,19.351377739276426,18.374176199775818,21.272897387645763,16.194448028221753,20.618382129368275,33.160512046463836,7.313975439847596,5.0058317011669695,25.80266526337691,28.257222013467054,15.234146393104227,30.01197801694843,3.7230007646893597,26.579213606093905,31.460435794949877,35.113698007403066,34.58419646164935,14.896462256358118,21.70369666622697,10.319159908853521,14.137661383261202,33.92140014437938,15.808094025994844,19.82257710958154,6.05150141599216,13.37438428870805,22.811217433892615,13.337539472619133,6.357296306334211,3.7813894433724995,2.728731483712548,27.753544506117795,37.10446587346464,27.213339466114025,30.66410571974726,14.128397803353211,19.862417387865854,12.81260858590124
3.5420644274438695,38.88739536620249,35.48482400539528,46.51298172970375,40.44787666281892,39.01604693414424,7.23517936254266,16.13015328191146,31.621676368063255,32.46042890810224,46.86812310371843,12.017448539010061,0.0,16.7006625800369,6.044650189909031,3.356236959842413,36.896725588914705,36.87669248969587,14.024124986345957,18.94732461863895,29.77657043614619,13.607984450914339,39.91591243233859,15.079527952336772,19.058555526993914,33.72157306229824,37.10053720937864,38.04925400861684,31.80935557412026,24.962743177358842,20.184686052064524,43.2860809036808,48.474137855317515,30.694160050805916,18.92975112226836,11.845453790809538,46.3081913677818,23.659627198746673,38.703309777783886,39.34085895952793,27.367689574625423,32.752230520708544,24.067942604728177,36.26874788946246,12.004358392190863,17.87224047487714,29.05636914266994,43.05748260364585,34.37144567153119,21.06047269659638,39.81184522737125,40.00883575881095,36.20224009305366,45.055094436632544,14.207116354209278,43.8218374413339,35.99980816275417,5.739197127949983,3.991194389285143,28.37250062713427,40.35848382095802,41.409581854780356,22.96162690673467,17.932583956221666,30.32474035422265,28.662964798157358,31.984593229891676,27.559215651882013,18.8692714242398,45.03525149869844,4.711791548003449,7.601421993714765,30.670890274070647,33.52969320662824,26.016261162933443,40.31743432070153,15.673981560509237,38.4458068624671,32.61499642552081,36.836824964556705,38.188826232022265,25.36221840551373,28.015698223295725,20.365779220675698,15.086308429858388,45.471560252939796,24.840053238629725,21.906807440722574,17.19989938271472,13.840826918790597,30.521397245144563,23.708875114262025,10.215330615884964,14.109831570177422,14.141402522597337,39.58763814472329,46.50095035236881,39.030626593034576,42.67693197090179,24.06422427164271,31.718015224725487,3.5420644274438695
18.639576065950838,35.332493225797414,33.49888429454915,38.787831039318164,25.419967083586325,34.24702245362033,9.947880504439738,6.499765772859882,16.920347369425983,31.519840981676985,35.98736512971729,7.410197055960338,16.7006625800369,0.0,10.965453730247743,19.97532028299329,21.82302547348388,31.31078447579677,21.88393651862069,25.242093124503807,23.696644040359597,7.228210041785122,28.00713728276259,18.14612523996486,18.480620185723737,36.40246055823531,29.865223786818245,37.11054814568857,15.108936671617188,14.410465584683477,5.730049684579977,30.69324568389998,40.69205167336436,26.79961010986571,3.032881030792136,19.26564288878955,36.941270101807454,19.192682278963105,23.371002441102966,37.17264827251129,11.286459288249176,25.359547411142003,29.067194216020177,33.53698902187048,5.4480852281385275,19.554770804703637,32.30160114815818,36.52985181285831,20.25633687697431,26.763442626547313,25.822133837434254,40.42962502413096,32.60686793813067,33.8240344447916,12.240768283211036,40.63227469560097,39.184585474080365,12.017448539010065,14.22606174080027,14.134075195521392,41.73949179745968,36.12850940513232,8.763471495535386,4.667298305164107,13.737280721913383,11.966315989783443,23.366223660730142,17.624432947890657,28.02771165129546,31.89336774507278,12.4066091669081,11.636679517975981,31.924552383674214,34.124225400493316,9.418654524995834,32.12534837419301,5.838772585580161,25.60214404286947,38.46278031276152,41.93967329293788,40.894927982500185,18.047463952091462,27.41254889160608,3.680128657910687,21.51701747027981,33.71013291614985,20.32863869078321,26.917937877776534,10.448455407770245,20.78057255992643,27.67635047310617,7.0266896435618085,13.753166314469892,10.149179518461537,4.951200225548284,26.86686085579962,39.96148553958689,23.26129060942936,28.382116243313845,7.387039947345177,16.31986494541957,18.639576065950838
8.848936290277361,38.31282835195713,35.39378983923131,44.56722507651119,35.65752609684158,38.005466846285174,3.7080122845051116,11.920697144385612,26.879393214725603,32.660580246542104,43.76159121085661,8.1702216890963,6.044650189909031,10.965453730247743,0.0,9.13275155801405,32.061762845088445,35.52744957732525,16.663077599952555,21.30153659303689,28.01460202342007,9.765306352760538,36.337034574008,15.67015621869697,18.612375080103263,35.293125421827064,35.1571413478841,38.404396431998805,26.003855287166907,21.431890028741787,15.18505925210027,39.49248856505784,46.534316501318656,29.753412700847257,12.97470820717077,14.011514798149966,43.75723604299577,22.14513462941921,33.76974034939129,39.278935934712706,22.020678964119526,30.632098411000587,26.18073508891449,35.92785014896564,5.983667566887421,18.215727674015042,30.696314210706937,41.492276930748915,29.889695992609433,23.300630454814666,35.44141748673983,40.90078787724745,35.54654000212185,41.796247463627836,12.409842045402382,43.47902407706361,37.812204055175144,1.5027159086270485,3.3521628716945324,23.741526522796573,41.6057284124998,40.26464494631811,18.17849458305397,13.03358925927896,24.69957943953289,22.844071262293298,29.40691130760014,24.360530807527365,22.4017266098406,41.04661958787637,3.5182973618684645,6.1791380417316715,31.621694955152773,34.32721773681957,20.379230723900235,38.09916598797921,11.29058556714308,34.49832932955757,35.32694086699849,39.36599133096215,39.873861931171426,22.948722253346144,28.171301071864473,14.643221458882522,17.184027704914385,42.017786321353704,23.388210530879327,23.916546744111386,14.161494213794919,16.03590359417369,29.955341454115537,17.985724951772625,9.944334865558748,11.43571205496543,9.456845916788408,35.701558875243094,44.987420282490845,33.89784461271476,38.2086290072314,18.228734437246967,26.70250251973261,8.848936290277361
4.231821145096,41.06355571748829,37.48373034819676,49.16657799599982,43.785800326179725,41.36524539429945,10.589818753146332,19.453003965077116,34.96055713374775,34.361235396289,49.87698598163531,15.337483496323637,3.356236959842413,19.97532028299329,9.13275155801405,0.0,40.2397598077791,39.366857292159146,15.160771075108174,20.02215996829309,32.46242059705973,16.91319011895745,43.05698777107344,17.20180436667583,21.451462059491327,34.93148979920319,39.795365949070096,39.82504145045692,35.07430247171782,28.14445767747504,23.5408632997594,46.46722821472337,51.11883873357637,33.08360911141248,22.10480860051283,13.411478483077126,49.15869645072674,26.33228793240538,42.05215187776982,41.295217887888214,30.716756844113736,35.52955056379557,25.136158198491508,38.367755594871,15.111737295282518,19.990313572695495,30.293257281690483,45.59159858158616,37.68129856075145,22.133347266613104,43.10099198631142,41.509579912229846,38.431464150285684,48.107958185900245,17.147879264366953,45.86878250142753,37.05161584512467,8.507349043920906,6.372555954070162,31.7048232988005,41.67482164549325,43.796108297893504,26.310181159639722,21.288315852521883,33.64053240375609,31.92103573584321,34.901610979718285,30.658048182611804,19.167745867280612,48.253245211792624,8.05395073544528,10.759652524546482,32.24055552263582,35.139236050376525,29.326904552172646,43.08559681681599,19.01189230401834,41.665889734253106,33.17178737347477,37.45871196451923,39.2894128129153,28.2815581362174,29.992691354626334,23.649943003771334,16.4781027241535,48.57201915607337,27.47663645755077,23.087890279343853,20.35061489318227,15.24983131388806,32.76771382607817,26.996467796165252,12.92298569153713,17.24131724689744,17.496005374988673,42.79389046609912,49.0011861580713,42.38656275331624,45.97729945642873,27.31249366506254,35.07222867868245,4.231821145096
37.617702302647515,29.74483319907537,30.778590491656068,25.865390318464758,3.6050984305393863,27.277711915535342,29.675320605870873,20.822362390233344,5.297697613114588,30.98717838864642,18.67190839912477,24.927412007421772,36.896725588914705,21.82302547348388,32.061762845088445,40.2397598077791,0.0,24.329821459371583,35.00126878166748,35.49080294777156,20.352730348851505,23.400954454631865,11.196320095168295,29.61770292461271,26.270666500249796,38.65464546890232,20.89168568144382,34.543537745864995,12.608615130544832,14.163154266458802,16.876801128369397,11.63454532407516,27.239368867991978,24.615960974414094,21.496582357696408,33.413016161065016,21.871222356030735,21.883432928466544,2.0123699095994314,32.91946387839292,10.827040977410707,18.729110812762432,36.46503318108951,29.77528738359229,27.224206515675775,28.746383765472775,36.56925439965845,26.10066853471734,3.8513480279835863,35.79981073943816,5.308891271311951,38.69725761522094,27.995970555544933,16.409663653606362,25.017637533450316,33.953703894616055,41.26713017224557,33.356493722652985,35.41241705437025,8.593377611597793,40.91481444191488,27.733460818649945,13.947523809198652,19.05879453112373,10.786794647878962,13.970166463589766,16.098557674017677,13.899305517814586,39.84460632333094,11.675896679283614,32.18693206750788,29.779782759860588,33.982855221119834,34.548067667987404,13.67121092527159,20.544224870026227,21.22964811728337,7.86900092198521,43.88885479834492,45.6819446313981,41.952018073129246,17.98572495177262,29.23043647170754,18.654272367235887,33.67299214504111,15.419397272425984,21.942964285452707,35.206024067086084,21.01045803733882,33.734481602354464,26.45162855215581,16.0252250135433,29.27530240001365,23.891534492538632,22.79379292523224,8.80116689851466,28.563503472302635,3.6705335206929535,6.944973222498737,16.763663327663952,5.523432827878115,37.617702302647515
35.27040685900859,5.41611201765206,7.548348650330001,10.246353258698472,25.141424634516262,3.1484106777735263,31.838845738487183,25.392547195215066,22.678399684389063,9.566697338119546,15.632951070852666,27.786688928921578,36.87669248969587,31.31078447579677,35.52744957732525,39.366857292159146,24.329821459371583,0.0,26.198593512645218,23.173249884383534,7.683978561306133,26.459210039575392,15.186375204002259,22.324252392811708,17.920551194146924,17.166095677710945,3.6946734963861116,10.71967407363199,33.54110727973989,17.380633839220632,26.203259495018273,18.14937205862641,12.086930030037419,6.419605175728869,33.36382741221152,26.657120808442883,12.261313975596714,13.393970010906447,25.817990879640973,8.669558282653531,27.437061186114892,6.388929200306623,20.579327055101103,6.091144458665098,34.42320290093854,19.643350643151383,17.46412953479684,6.257870799143708,20.8693428115922,21.98805835457241,21.24643970174768,14.826589462922371,4.205593942377609,15.387994260037232,23.160964344943736,10.02376441568857,19.14661455661527,37.005441188439036,38.024951636245056,22.014132010217104,17.226618226169755,4.834772012014965,24.157813794856082,26.647445181365466,30.656993742148344,32.814849799243916,9.048587216369468,14.441898230142598,27.41562551628139,20.52688033595292,33.232338319836614,29.854476435960258,13.75504656925773,12.667457905827762,30.087628754716327,6.420795296915949,26.173275044033225,17.49378805199615,23.83642008458861,24.032231418217812,19.089231497985278,13.285448845274598,11.401288863768954,30.80571905556844,24.480156061927516,16.926399137297395,12.159217214331935,20.86618825384497,21.864859142151417,25.419394812879812,7.396263811367665,30.817998981512247,26.673343721890635,24.158446361722948,27.977783606107977,17.353804970057016,9.63452973763152,27.906012518700653,23.237432152912778,32.16614470691386,24.901957631430324,35.27040685900859
11.016616762779721,26.855641295410447,22.942305632937202,36.40975783091838,38.085124848080476,27.639570568742375,13.944942467008003,16.87748893209713,29.987527203073974,19.687793379738252,39.20355918869133,14.473820984023222,14.024124986345957,21.88393651862069,16.663077599952555,15.160771075108174,35.00126878166748,26.198593512645218,0.0,4.925044700926324,20.57702780941377,14.92742278561199,33.8985728433562,5.400027210815793,9.513235463268627,19.789904661988956,27.531930256948367,24.908860484017428,34.902053035923956,20.88963183896133,21.651638953847236,37.599260956696945,38.28044526642706,19.7877661648787,24.90092498896622,2.7388363386292185,37.42350107423223,15.032682761916053,37.00771237877591,26.62239352001795,28.62017841043095,23.951461120272356,10.053171293737341,24.02463633482114,20.210788793945408,7.074664194814319,15.140093548358978,32.41786355624041,31.5351512326373,7.041625508071159,36.09171989387537,26.376529455605965,24.418223372167375,37.86074807631195,10.718563717367418,31.3158711798842,21.993971715830103,17.578351249564367,17.140542700907474,26.84125305022331,26.515628044838856,30.13566061688919,23.001734805914804,19.79822626563567,32.49320381060554,32.17644416624797,24.2958802252227,22.073716941010108,6.158080803600539,39.78299093013167,13.151823028751254,11.211756220638241,17.174251253619442,20.087749541266515,28.810860197261068,31.079035522029823,17.07552491200221,33.57165422416564,18.763379879163455,22.91058039154729,24.201926049176247,18.39345491400322,15.579047153278712,24.60086608729249,1.726073756316598,38.74174208256304,15.808512302695966,7.939086463665137,14.582567171322143,1.2775742320379457,18.986269582333996,27.321783190975907,8.158073001759716,12.581093687249407,17.059081009771866,34.439560546154546,35.62780661339725,38.084847059036534,39.04949449619243,28.290519072434048,31.05176717834202,11.016616762779721
15.917629810229606,23.058589439486003,18.932483261552868,33.40676211640452,38.2975572301409,24.18875974412875,18.31531978359947,19.547984289842223,30.787464186262696,15.615872615740063,37.249262970382844,17.948702414585487,18.94732461863895,25.242093124503807,21.30153659303689,20.02215996829309,35.49080294777156,23.173249884383534,4.925044700926324,0.0,18.665178755082515,18.040444358525683,32.80613033801917,7.153893188684189,9.230708288652833,14.910630093859826,25.039840907103645,20.4938250530769,37.066096065690814,21.390830764987285,24.030898477432196,36.52574468083842,35.20026391366742,16.93558986518133,28.272334497865284,7.3277844188947,34.966810619471126,14.058909296678918,37.499720815287276,22.4345775397656,30.47229052427661,22.0248957467013,5.131072211615846,20.170959120397193,24.307972992835253,6.835895653662007,10.286585677374156,29.23645808973195,31.816052936997,2.1185825064733015,35.854145349952354,21.655717254247627,20.82758375083291,36.143489548391614,13.210960199310083,27.182912399715597,17.072495603234135,22.307468503180903,21.99457298554183,27.852289687139304,21.6746600848991,26.67940824849374,24.82255524678295,22.4617225428469,34.459159855678195,34.56391984572989,22.903043198559924,21.865699165588094,4.573835080863624,38.82596396164582,17.82687354552568,15.522125880069863,12.634739282418684,15.540858064719433,31.128752244934752,28.6255995035698,19.908828930596474,32.96599955303361,14.02726790568852,18.088712006132894,19.287916064791677,17.85901521612533,11.945816448122953,27.549163474836497,4.12142238177302,37.2003949946113,14.483279592519851,3.1020519870905194,16.503123266552315,5.278329977079755,15.782474392793533,29.950906769687798,12.030683221476252,15.287747795311814,20.297403473230318,33.68994957017324,32.26725641784088,38.81097425276747,38.75447613383728,31.044710877529326,32.144178258564445,15.917629810229606
28.49844678904019,11.816615075254617,11.106057916694816,16.737276495588993,22.16572091481505,10.550784476105296,24.353267391729208,17.71121816757932,17.328181128568854,10.696098850153025,18.671160780678825,20.16021136915433,29.77657043614619,23.696644040359597,28.01460202342007,32.46242059705973,20.352730348851505,7.683978561306133,20.57702780941377,18.665178755082515,0.0,18.801095929845825,14.49496239021949,15.950505078049973,11.381165967312405,18.305625766246767,7.333176498013694,15.005729517999017,27.45209526964886,10.203168775494428,18.752123145099585,18.157854768554525,18.70012288511408,4.329547273311236,25.85211632279545,20.460421923951678,16.952933645350985,6.1302674975760025,22.16619157590207,14.18688212715521,20.92890121631924,3.387178706805523,17.691112953995297,10.572487977804297,26.7410164201676,13.561636166414583,16.566289843645542,13.477818511789462,16.536540614959467,18.086396737293345,18.848444747186836,19.00456400608087,9.234909809179161,17.481688612222044,15.760477564503699,17.056867190880833,20.91823381938468,29.50447077848317,30.634750975761797,15.843608123383602,21.00472250106958,12.517666862217947,16.97490007785204,19.04609231976631,24.509040397871345,26.283975097743024,4.669186880223257,7.72882439512066,23.21342890726514,20.54010472321931,25.894976583208138,22.522485091434238,13.683501163139226,14.230275285245805,23.29431707870538,10.693804424115138,18.491541585386585,15.395402441200769,23.823298491611276,25.352726697939378,21.686032747520475,5.6504115797354215,9.15622772338308,23.40075979928159,18.868126671231373,18.545766885943408,5.011611008244671,17.150552558481152,14.197898091058462,19.591113353992405,6.1106531265203605,23.724134959821754,19.578771510938857,16.592771477547757,20.294029684030882,15.82828880614112,16.973921894771284,24.018910916872418,21.475628331783398,25.083374443431403,19.42091277621174,28.49844678904019
