0.0,17.44095110681192,18.99491231560575,30.954370632020446,23.16335600090129,17.8332686120003,18.268157643108662,11.914692696029395,26.047334620193418,28.414486101426565,22.059873258096147,20.86083568091466,4.100691828141657,10.866097059483796,21.22684476731081,15.30872500322903,10.473275611804375,25.05600844475579,19.28201869353827,11.770852967896454,21.67500582585897,30.743600628290707,25.67908447729079,6.554425207134366,19.587977987343486,21.76500917734233,29.094418568459737,23.080684742079583,13.956444199504311,18.910366447630608,27.492407857368885,27.910361472955174,11.337340148052938,11.63019995616619,16.03886300616762,17.738318260023345,30.72945485878927,16.631716933716287,26.83884422220289,11.87520001979773,30.55788217899444,22.579648412873468,25.527303030285047,16.609907051061363,2.8136228370888237,28.623156031865,17.19965163387127,30.26939776104451,19.081355361948994,9.016295451762293,5.780829684114093,22.277866750179996,28.61514655291666,29.211680079400168,15.586468228458129,12.81581930622447,17.397170776319015,19.69928373296442,18.297669306248167,9.043795482798908,23.244930454547173,29.47503793423326,17.25652316768169,9.238711810548448,15.0449546767177,9.442727036060662,8.469213393828497,17.358410535718143,13.56351047209131,18.735354770255807,29.831211705807977,22.0650681542809,4.278027392075339,16.027700511098573,7.638446257223376,17.55117997079817,18.949441648120136,17.11705486779016,6.086752426544127,15.256950239554591,25.545946121944795,8.693440172958935,11.641615709450756,26.388292394738315,17.213588367618062,26.317004978158288,22.203759196338343,9.68636660255968,27.340685986347925,19.08277992840452,20.95596315698075,4.839632301769066,19.925052223832413,21.30012934712092,4.02627290051081,23.448182732770306,27.03221479521598,17.87832343872299,30.19928259723656,24.000612237088912,19.456266814765538,0.0
17.44095110681192,0.0,28.862203233817826,34.30306703726746,29.689300484607347,2.5685698395037204,8.166659947241437,8.515463005854798,43.41319163760325,45.581064811912356,32.422237266847496,6.894455625163374,20.894294895585094,23.75711176013771,37.42839694615819,8.281916370956074,11.232496587661922,28.868591788252058,18.58428038830184,7.3046476678222,4.502048513324413,46.39165019875091,27.46302835687667,11.86866496971185,14.506058410617433,29.6134161542793,44.58726641688871,40.43783437549038,30.942306287142635,29.439831410342475,35.77832977701241,43.867991957318345,6.260617430592998,18.18084661597114,25.009519167300915,34.02615320662646,34.33657798551133,7.7797602397345855,33.68955267117201,12.008042203082915,33.808791514537596,5.285618531951215,41.909377451440946,15.37851881087143,20.24885665706504,29.253656600325975,2.5662233029914443,47.169446008350505,32.86266040629687,26.43946586264633,13.508941256721453,37.842832874931545,43.725944663719886,46.43595299562877,22.089900176232536,15.329683091097133,29.688429409726716,29.007335314378956,34.16334448092646,24.4202993513217,39.025171154954194,36.33642800276328,34.34684692773925,25.06836757870812,30.389102772983254,20.266866898402203,10.575197783647607,34.62046581230854,26.79239916583105,36.03218561231055,36.51736003154485,39.50446732681646,17.65168292838056,33.45541779132098,21.20511143617048,5.8873922712099,3.4975629999723425,10.260196918983892,23.514826586384917,11.069667325348021,38.92430204635554,8.759043839346381,29.053238675765915,30.687098133201424,24.613901497706035,31.007102280553955,31.72488934703528,9.101226649777066,44.60949912568956,9.393441046489702,22.094542681995716,18.69200418382585,31.842832916737557,36.70309735025153,13.546740853618703,6.4619703825141315,31.82868632962076,33.60010932926819,35.372033228157484,41.367628870499054,15.286594367187828,17.44095110681192
18.99491231560575,28.862203233817826,0.0,49.76505289654497,41.66798095342146,27.473347381171642,33.90939042778082,28.24375589291862,30.0771904897233,33.6868702091749,39.22195803165282,34.99539095016802,16.028314742024122,8.333967866998485,15.873258220372156,21.397032790667446,17.68546411085461,43.93995197530189,37.960251176563034,27.278697676736247,33.18773906866504,40.820382663766466,44.67171026454196,23.761422344563776,37.29988302219442,40.00181302013646,39.75045259657622,27.98050399977871,16.01377774140194,36.36405715897532,45.15729570182476,37.732425507696654,25.283674493996465,10.69815929236885,3.8527212752144147,29.099958342069904,49.50923624405236,22.5990261664849,45.05547274737882,16.88730666893369,49.3891307550021,32.18766248621559,34.670334081259185,34.97240334775932,18.29155710223954,47.61677838402625,30.224495539417113,36.63554112428786,7.759486623035133,19.52174047108526,17.358842244851253,34.0531757037461,40.07348841153447,33.92334070957575,34.48845059566747,31.48291665040465,34.02604956470251,1.0120095183871156,13.121902549958687,25.142447399258685,34.37307014248812,47.548293988580596,26.020316081469723,24.658872311471775,10.59115071507283,9.932358989788922,25.396493410528553,19.229739722521426,30.283622569276073,25.623565684099212,47.943140813054875,25.48719150107059,15.011084883770229,22.285879120269527,25.697371580036133,24.788595139289193,27.915778290261233,20.81219815004496,18.874970793327854,18.8758426761481,39.88533196705838,22.54833176326183,18.587173984624282,45.17884785912043,4.806179695486439,45.05027069614475,39.769359552093285,20.33273664787494,32.07666326990094,35.05831643163157,39.90088659441552,23.54935069948526,36.40465635164865,33.59392948077351,19.53766096333866,32.15092013156268,45.724113586436054,12.47594910707995,48.706091309119074,28.526564204371375,37.40950092133913,18.99491231560575
30.954370632020446,34.30306703726746,49.76505289654497,0.0,8.530599902344358,36.70853762674124,26.679243020806744,26.93532935285809,39.640028007156644,38.852783368893974,14.155734397286867,29.948213261412114,33.7695401937598,41.447617690826306,46.254878617486035,39.68598086920645,37.75814981631145,5.972262416149088,15.72053278424138,28.48606963526745,34.88076061705779,31.726320496472603,6.8748200718570205,28.242944287747626,20.246011852173933,10.682641269358246,30.13422218904572,37.6665086987236,38.823136800372126,15.34079794641247,9.675438290974162,31.441411403122604,31.0170760079288,42.065389331276094,46.986648212062136,28.47719603257229,0.501849640056151,40.19509077547878,7.021564451526367,39.50019705453301,0.4974383358358939,38.002493580913175,32.137462404426365,18.981819013498797,31.492805009191205,6.164686793771937,31.84803764819453,37.95442895830499,48.01623704964982,32.25858480897063,34.607891986584534,27.2473297699396,28.39536668154845,39.94003178235478,15.381662021076014,20.37232216032531,18.493702844426778,50.53670672422781,44.73697169830221,25.56723668754085,28.433680517215883,6.890063830751985,32.222994958284566,26.35272576228199,43.07272748574468,40.39454115474071,27.539609174230996,39.48219955413646,21.039845580251207,34.55750416157902,6.58147306878195,39.10354856281053,35.18871154799737,35.18522881168477,24.151675819660202,39.29524663573529,37.786357110384024,42.1975737768543,31.57017140354134,41.51282939142589,21.463192603494335,31.790798822865685,34.87698592107373,4.58740422799435,48.14046691819721,4.782150485430809,12.702024264193613,34.971806720644594,39.19088482110635,25.75083117342912,12.226354939312076,26.239045527687963,17.352780404162964,26.34596139131486,31.791603050016146,39.54393062126718,4.245964230289507,44.67602562120004,3.524097800306124,38.37204850047035,19.31826586208937,30.954370632020446
23.16335600090129,29.689300484607347,41.66798095342146,8.530599902344358,0.0,31.84699953828989,23.10584977614005,21.496377293271856,31.78735520644031,31.39001323052039,6.73007262598409,26.811560101979165,25.640178928981832,33.33402453705124,37.729656607966916,33.74455058046485,31.050314402430708,4.365542255398919,12.391451958211075,22.986781649727416,31.2720909673368,25.566259653165165,7.400990556978831,21.506771596169333,17.432271270051213,2.2833487759545337,23.798984715096307,29.62216765070595,30.296007415270452,6.983731532816031,6.290751228621917,24.681487733414567,25.288526720105093,34.60412574198843,39.07305810130242,20.296455104178126,8.166857862540454,34.473778500211324,4.046041149023554,32.78966138705234,8.273626650942356,34.11926453259064,24.84946285297999,14.718368365649052,23.384616607452664,9.894636766182673,27.477775509287056,30.890291718418258,39.58299078118875,23.761422344563773,27.408850052938917,19.74964282808007,22.170195105600854,32.487102872697406,8.159027553099994,14.515981903138517,10.148223932274641,42.477308804411166,36.21261297911972,17.100874306327622,21.03585743342029,6.766804931397966,23.906050809494285,17.860274011198765,34.61166631206824,32.57033231237863,21.220205234730454,30.983550606140433,12.50945895174152,26.27588449743317,7.023510372967613,30.881537975870014,27.440450998852192,26.727072264592216,15.970850999012326,33.94944091992547,33.02746612090227,36.212475018131194,23.198244831566587,35.21265542444671,15.18463347853846,25.437747301109468,26.34966444428715,4.2882164124493505,40.35956149516038,3.842218746760678,5.141171152210994,28.512452274293725,31.542340057873485,22.50631911264034,9.175064699766319,18.342777035873144,9.45224560296523,18.72094974042913,24.568196465166515,35.61260955312982,4.284822764414998,36.158512250412976,7.050613520851086,30.37900993939663,16.43713962901312,23.16335600090129
17.8332686120003,2.5685698395037204,27.473347381171642,36.70853762674124,31.84699953828989,0.0,10.732797721879205,10.422180429159688,43.877520440425975,46.2114483562642,34.26996066647338,9.286872894751237,20.962188700182068,22.98593784850882,37.00447628741856,6.293950448239801,10.175191920167643,31.20155412141896,21.006163526985333,9.037798178669808,5.819210971130932,47.55756709247333,29.88991721334149,12.912031408807861,17.039016930538672,31.66170622086444,45.78210148438503,40.91294690546986,30.86556551715646,31.225280182073302,37.86238971726482,44.94652496158573,7.354925047135395,16.90328310097884,23.632446736965477,34.96640720252885,36.72909451202778,5.5220759184368,35.86925236614393,10.61497286758623,36.2158508537522,5.021306440294885,42.860108468821956,17.74060441185585,20.592018267438736,31.743077278393166,5.1299552450607715,47.94251557855512,31.967475818464017,26.83624354016297,13.250308583237617,38.98581217597509,44.99935999544882,47.02805346008803,24.092161821316278,17.37883300842418,31.27219903769259,27.542303491767953,33.684593220167635,25.440138621108662,40.12548561598186,38.539491540019895,35.00325022809471,26.01647578448891,29.848845326862122,19.403843928038423,11.915074999549853,34.66360321367503,28.197915685021677,36.56314236484382,38.7347930924946,39.819816623364396,17.41965673646661,33.82846525079862,22.394057520799976,3.4382007634511305,1.2428275858554398,7.973658674226107,23.909375840059575,9.07921061029661,40.46641419190759,9.237343906609713,29.279442952211998,33.01025740398809,23.056684010304267,33.309316953644775,33.64907058182154,8.662996606491411,45.16703041749251,11.961980588173379,24.485137516127477,19.699298651143366,33.50576142963463,37.8735377975985,13.824287411978224,5.640494984792501,34.132397202299025,33.0928415713324,37.68263607053638,41.83116385409035,17.800865835396767,17.8332686120003
18.268157643108662,8.166659947241437,33.90939042778082,26.679243020806744,23.10584977614005,10.732797721879205,0.0,6.354059605432405,42.52867843932984,44.10554650668169,26.99403471517516,3.822972451816377,22.319986833439174,27.356525020998006,39.48220699742803,15.638054057135035,16.66734507462825,21.582264827909995,11.09875227405389,6.797677874818424,8.260669538511376,43.10349083831819,19.804637675791692,11.714643896963025,6.497346397113336,23.47335441190583,41.23371752855289,39.59268578092347,32.17127886288435,24.344366150411602,29.374514568286042,40.92735705004711,8.637091347136229,23.412756334606854,30.151717587384432,31.832291652294447,26.761976681821682,15.52414209401286,26.947944376565143,18.00621117326814,26.18186317250309,11.325967994851833,39.44689139610784,8.392877446783954,20.8974452105163,21.333491921179252,5.6029875412814425,45.19051263985684,36.43018483822089,26.422532128500343,16.772584043915362,34.82620266174213,40.11795221339093,45.06862033361472,16.438078243107697,10.089558150556915,25.3560648463005,34.25275844694102,36.48006444677444,22.447902133697966,36.12390920604428,29.47016201142423,33.09843574822822,23.30133674014328,33.023039081890715,24.32945908958596,9.799193636129834,35.33460164582852,23.26621725390964,35.13760936427996,29.594202410717724,39.20159138793907,20.27015097151877,33.167897929492376,18.89388628036885,13.918870467895044,11.601548102186488,17.943273880510777,23.708974276094057,18.231636106012015,34.469187660273974,11.397537865159963,29.431110570071173,23.417450322181466,30.22909910422507,23.817654230868843,26.019949018758197,13.716535529745679,43.39386771310021,1.2869708145684686,14.672523258646082,17.317119994328134,27.134088809285714,33.62376856101793,15.362334006343211,12.866099737254471,24.623218510095676,36.01990062196628,28.10357984314454,40.535727551917276,7.375912257656884,18.268157643108662
11.914692696029395,8.515463005854798,28.24375589291862,26.93532935285809,21.496377293271856,10.422180429159688,6.354059605432405,0.0,36.63197532657132,38.423415055012946,23.913966203702735,9.20703901082964,15.967740949189027,21.27083199777458,33.129164659260695,12.788858671611356,11.929371743896727,21.199123586043044,11.639507668948468,1.5509312541508893,11.44892615943005,38.320517230542784,20.303353296981285,5.360673122522074,9.284182730838067,21.244205740648916,36.48503053392205,33.67135135453901,25.832101528674645,20.924414409185907,27.45363140917828,35.93009539511468,4.135410055427466,18.090101025202728,24.592980581408813,26.394461385615248,26.899349813855412,13.260307504052868,25.53441663036501,13.53683410369723,26.45396710344601,13.553962896661686,34.1853889304558,8.201831552545231,14.561098859632809,22.56263770945594,6.8503895316028505,39.72213077705409,30.25487000771402,20.212831648863695,10.893203273189222,29.844744384010703,35.53011301153213,39.34888842658916,13.670179074114838,6.98436270886468,21.244558486966074,28.675988106385294,30.138722532953633,16.81140137902044,31.08250088433184,28.228159626840124,27.27644060805768,17.587217993039538,26.715397990595577,18.444830037222918,3.4474196206461905,29.05189838891772,18.52667046091517,29.20946170440709,28.442733012572646,33.12607309005018,14.074379676039229,27.060118104633883,13.359731147239847,12.4913096321615,11.636250184975697,15.300055221989181,17.442383285946832,14.835951920512388,30.490550961882985,5.893404130457875,23.172330438675854,22.964167295851084,24.92352711960393,23.203716802904392,23.246504411350507,8.868044903368682,37.61235446184225,7.223553311838963,14.814364788327326,11.34357248553972,23.353133600859472,28.672867356596537,9.138091615175835,14.889516377612264,24.026006317984614,29.6856922865311,27.576671596233847,34.61435351682528,9.616653921872265,11.914692696029395
26.047334620193418,43.41319163760325,30.0771904897233,39.640028007156644,31.78735520644031,43.877520440425975,42.52867843932984,36.63197532657132,0.0,3.720355480052838,25.488332985257134,45.816302240800795,23.21596705999154,25.466809131631287,15.350363686444773,40.68097885764705,35.42559711017226,36.017942467495786,37.89204730520102,37.02826984004166,47.48913035675444,13.474950910516013,38.6358509624395,31.775301922167447,41.02136705549975,29.50967465017504,13.450884805127739,2.9767425011860444,14.924370974335627,24.903898883344283,30.679282646005092,11.071432626727367,37.19544145868042,32.326874395203525,30.660291144430197,11.819201257587034,39.17490575376445,42.0995101042804,32.69368933676619,36.28569088863138,39.53882101614739,48.60695339524322,8.568959644423302,37.1541363094065,23.28959827380245,41.50671251344135,42.87678407069375,6.8662653604415835,22.926301089200003,17.04352651062471,31.062748344180324,12.545772521581334,14.773164860651896,3.847683639250387,30.20854048720902,33.47696277643319,21.84807879285443,31.067402694851744,17.152497289470883,20.15747068681475,11.554094953914895,33.86625555484578,9.457047906299342,19.260585533727703,19.603829696656472,28.29501145907857,33.43784486757116,11.054644235961348,21.165479788889208,7.426320538105925,34.31299914324134,4.673496265852662,27.194261699626175,10.10360210569498,23.71999724679063,43.349347286944024,44.98086123620823,41.967748550134864,19.96839707219017,39.8167611101923,19.47134283599194,34.718095029090804,14.867769825761924,36.026480057120786,32.773744593712166,35.48994177717031,26.980264896356207,35.51578436097829,2.0571428571428574,42.946785106925155,37.061751007677735,25.291850103000634,22.37894783323043,13.327267735966078,30.05412749676551,49.49548996151682,35.68174837850492,17.73257673185204,36.74854832618062,2.0469030863472653,40.396952804863474,26.047334620193418
28.414486101426565,45.581064811912356,33.6868702091749,38.852783368893974,31.39001323052039,46.2114483562642,44.10554650668169,38.423415055012946,3.720355480052838,0.0,24.83579378762081,47.52883343995796,25.911024523100867,28.770158008546538,19.070263206770644,43.36310027322911,38.15678076524993,35.71332798715862,38.611183322335776,38.94625496129512,49.521777027889456,10.397860062414333,38.497685697735555,33.79347213861981,42.08575618269663,29.148685131545108,10.739832400926934,5.868017778863765,18.270409666664705,24.722858958907658,29.559838722600002,8.48827666940272,39.32635695078312,35.46715870969615,34.13745516141997,12.470294499247366,38.37214040399198,44.76221912756884,31.838167314705537,39.11578542465631,38.797194512500724,50.826883132645385,6.765892854786349,38.19595533667973,25.734671918940606,41.24812248046286,44.870897254324696,3.167858995006706,26.613367824061193,19.54226314886768,33.67554044836987,11.65569318717121,12.27593763824007,1.0972767775409322,30.78007996170542,34.69065862618303,21.83917244451411,34.682457366507236,20.834129769810545,21.66768307401413,10.423265969425694,32.73417237103035,11.234419414986993,20.847497574098448,23.160958000700315,31.44409382912304,35.3584633519649,14.53836585152035,21.816937812401722,9.739104430184574,33.17056034301181,8.200308605442224,29.953477396844345,12.901010876386897,25.212457562215757,45.896938673421744,47.34874831869305,44.77457332377976,22.414447964449636,42.65972702917918,17.900853474123537,36.98922115471821,17.729129264850993,35.53257361569947,36.247589420201585,34.95652203313512,26.390614287071447,38.02687985934074,1.6636522399558755,44.4275424777496,37.44639270384548,27.11534545573177,21.946713946767165,12.671180864062979,32.44075894328501,51.78824230282706,35.063999329505926,21.40270438757777,35.78172603952116,5.188171790776809,41.39631216937675,28.414486101426565
22.059873258096147,32.422237266847496,39.22195803165282,14.155734397286867,6.73007262598409,34.26996066647338,26.99403471517516,23.913966203702735,25.488332985257134,24.83579378762081,0.0,30.813230659466225,23.54380927339586,31.017431307217542,33.03174132094579,34.98473696354116,31.423422954924586,11.09164053672487,17.400608011896406,25.23514750081234,34.76011789275703,18.883532184289624,14.109612875986503,22.372801271514795,22.201985570333704,4.6970802915541165,17.095649285411653,23.527595608179787,26.079080990443707,3.205897626537182,6.110388611176202,17.952631550606633,27.148062057343754,33.66955773940826,37.12120555748178,14.451845443911093,13.695243923437399,35.93638869799052,7.293273389548335,33.09354755531535,14.050587321590244,37.30078119223537,18.211169481325218,18.823138171204207,21.463192603494335,16.60273102688291,30.518840751514897,24.205629299729395,36.01456032082081,20.119675414268244,27.199210672820815,13.18227752766291,15.493387661337652,25.93023040737571,10.565633933094752,17.234097194876473,5.2595056801946685,40.114919408914105,31.9680825518331,14.09248171247089,14.426516402451565,9.014355897394887,18.330981469431826,14.570470556742427,30.964736230039463,30.981397446776057,22.666578471216972,26.06404983646154,8.94390683022554,20.594786738792088,9.46181671298932,25.055855969560227,26.2057996385128,21.61447814096196,14.422278684347338,35.82648797770061,35.50206248679542,37.32226779644275,20.347011614304762,35.974721737375994,8.583522895998033,26.553356065991863,22.21128229581736,10.71594501437089,38.66894340001378,10.126496261324164,1.5905024235076388,29.33034647749317,25.089507035119404,26.655819902863193,14.822228205623874,17.363446474400977,3.323858097612055,12.225778052115613,24.471096820368246,38.710700941043925,10.234055991678778,32.0210583771342,11.426264052790026,24.22176521651718,21.2534374650698,22.059873258096147
20.86083568091466,6.894455625163374,34.99539095016802,29.948213261412114,26.811560101979165,9.286872894751237,3.822972451816377,9.20703901082964,45.816302240800795,47.52883343995796,30.813230659466225,0.0,24.792353001418377,29.07150087741096,41.88760938998743,15.136676905949402,17.353931978143763,25.07789660157294,14.623912204443288,9.090774870994329,5.081491023352115,46.82372397119448,23.099782135203732,14.387678401879791,9.732101310527309,27.248284274764302,44.95877295151773,42.86079413017668,34.81401969533163,28.166470731516714,33.09409812356646,44.59927701436517,10.08421194800292,24.320228919438186,31.165704856198477,35.35549190950771,30.064881676202916,14.673184204319032,30.60182467548933,18.42247872706003,29.45153833340597,8.324300301539104,43.04266928980864,12.14078637805439,23.59943271542339,24.360603189475874,4.842333726455386,48.71535817839154,38.22714539300521,29.394486780027723,18.43825659118695,38.49493367142417,43.86891977754843,48.47167032906742,20.25999979853738,13.878770750719262,29.144712545979164,35.23568228546808,38.77417192105158,25.86590727547892,39.77947455558415,33.08024233062782,36.4320240380658,26.683065026036147,35.175960715308086,25.80819993090315,12.549988210418075,38.15955332815207,26.962510026679183,38.39870278421139,33.18631338245283,42.332740260455424,22.276653102954846,36.26514602654359,22.343792453934263,12.715944675075924,9.812724766696494,17.15356808244814,26.590124298394723,17.901428058415124,38.27794249476653,13.047617657281814,32.31610453388369,26.90832873112042,30.986514512488373,27.340454887755392,29.8279063965274,14.687517399034421,46.759495816139754,4.3156440624163395,18.171331536129056,20.52567769643573,30.947567508511515,37.29802358390195,17.5321065244218,9.847224824014829,28.134776504880783,38.27310538639852,31.569696655792807,43.80413623187207,10.69633238687973,20.86083568091466
4.100691828141657,20.894294895585094,16.028314742024122,33.7695401937598,25.640178928981832,20.962188700182068,22.319986833439174,15.967740949189027,23.21596705999154,25.911024523100867,23.54380927339586,24.792353001418377,0.0,7.694546173513191,17.162594352193935,17.473314931456983,12.246108919712801,27.99398652626404,23.077367656628077,15.728410275546555,25.259434285196555,29.50693588473941,28.92519726353986,10.612314756441966,23.641460640672978,23.999981632646026,27.994222727599514,20.305980218966553,10.090562978570114,20.551333041822815,29.328467747363877,26.53107350305467,15.017622301544169,10.89143606655416,13.597560405440083,16.467969652929163,33.503849306719175,18.88657443470231,29.06802324737965,13.251162444195188,33.4024513337276,25.868577108775288,23.88285492112853,20.557373770171388,2.280064445920557,31.940804943021764,20.918929226898783,28.05847945608876,15.174023991072135,6.47382926142808,7.864405993630608,21.35095887537511,27.75758914426901,26.614913726199852,18.59755876013663,16.680079283323536,18.50134468361802,16.84070869612544,14.200019545833053,9.55043326295745,22.130890775805028,31.60016843148085,15.108537929506841,9.314425941100442,10.969352482145473,7.556889544768846,12.532178988670786,13.731867301712347,14.644465695620445,16.178797917052314,31.98585197443726,18.957837644712153,4.070625484705598,13.115820638465904,9.669331277132807,20.160532062949738,21.993971715830103,18.877734212017923,3.983344917866625,16.79457638401062,25.682065528222576,12.183012596167147,8.389024900160338,29.182163408912807,15.130190929100014,29.037895015630447,23.945356160071057,12.395411922751652,24.692576427182416,23.160158612124736,24.481500554250246,7.700177575476915,20.98566507822685,20.525126463106886,7.394316626122182,26.600953182246712,29.70373878755305,13.777664266959812,32.68067993197703,21.18901525193983,23.47693475107264,4.100691828141657
10.866097059483796,23.75711176013771,8.333967866998485,41.447617690826306,33.33402453705124,22.98593784850882,27.356525020998006,21.27083199777458,25.466809131631287,28.770158008546538,31.017431307217542,29.07150087741096,7.694546173513191,0.0,14.451103199184116,17.77022320211711,12.843306841006521,35.64367740252835,30.08991423675897,20.562798189637398,28.254507460522735,34.44634798924144,36.46108397864714,16.31468701032594,29.926622098126632,31.67615004435755,33.16763211940465,22.902164232460912,10.543177695475274,28.10550908303079,36.89949327675968,31.361726837087293,19.00407689880017,7.285250405400473,6.273465988606628,21.962415390751495,41.187190400186616,19.183347370220105,36.73561892712825,12.847996746892617,41.07572022298251,27.986096256417568,28.42227812610296,27.27042264103012,9.960944140153845,39.43901228220502,24.566725131231255,31.423161092754878,9.1607040100193,11.838120369279533,10.644996525147771,26.986826718355204,33.25226473797058,29.2326934671942,26.210217668002713,23.601929357316425,25.867935237845863,9.158602513484249,11.067768980426075,16.92569595831939,27.50135877904721,39.2440439781007,19.454552376327378,16.508856250324474,7.1912191353804,3.6337196324629852,18.110274454472698,14.503637263719435,22.074276099254586,19.644756895146035,39.63535712837564,20.810454201713917,7.277804109280572,16.208342523124895,17.363412624227518,21.06641625615404,23.73285400417896,18.18084661597115,10.71971519572936,15.963571796117431,32.26962430926682,16.064284126278267,11.732454203305162,36.86048356953001,8.145906196065729,36.72472558628253,31.509765250195834,14.67032990739597,27.292914532410588,28.39536668154845,31.81929026004605,15.26728074099935,28.29264330715888,26.372156002968318,12.170281636101965,28.322018260839865,37.39478038443333,10.414790111242015,40.372709715795864,23.628361374087913,29.923808553848,10.866097059483796
21.22684476731081,37.42839694615819,15.873258220372156,46.254878617486035,37.729656607966916,37.00447628741856,39.48220699742803,33.129164659260695,15.350363686444773,19.070263206770644,33.03174132094579,41.88760938998743,17.162594352193935,14.451103199184116,0.0,32.14536218809926,27.055496706599502,41.22246583837408,39.008434880634915,32.86480655966321,41.90718958335801,27.944708089441217,43.012217723216594,27.77088359253634,40.3963853707285,35.588162673127414,27.360542422120453,14.051674894721224,7.817838314928707,31.03614745711187,39.08331571587726,25.04899362514696,31.942442624450724,21.661307552822365,17.59094386673009,19.326539646141455,45.8746348481269,33.57348808272408,40.07696798992291,27.242287056736494,46.002843567833175,42.024979160844175,21.993484007212455,36.995481246404424,18.721711067798328,46.10763520817128,37.80365385644566,22.209132153697677,8.159801918364124,14.604788703066692,23.919600023957805,23.349867805420487,28.19508076937955,19.054114130709998,32.826830241031026,33.00545409474015,27.98815959564009,16.778049800320677,3.383445894712811,21.1819268360977,23.11462404838026,42.04366010591895,15.33756971941641,20.268309636232715,7.268349053202087,18.04875845128005,29.6898102495294,7.035717621464039,25.228700857134427,13.697486139091808,42.48935213554048,11.327745240995576,19.798983276307652,11.547340006446928,23.792124232825532,35.3742555990041,37.85693282960607,32.63194978757438,16.501725327235032,30.414211500949516,30.38138474091512,29.00727452743887,11.599331437454417,41.89773555811768,19.603852182878835,41.54445428252311,34.12590039179948,28.40368127908918,17.406619430549974,40.30959778352282,39.59675682452299,23.460048541105376,29.737876898813397,23.398769198400153,24.36159841945968,42.495763246205506,42.01042436231799,4.043134770881401,44.172569196139754,14.284763396924793,40.10628858014001,21.22684476731081
15.30872500322903,8.281916370956074,21.397032790667446,39.68598086920645,33.74455058046485,6.293950448239801,15.638054057135035,12.788858671611356,40.68097885764705,43.36310027322911,34.98473696354116,15.136676905949402,17.473314931456983,17.77022320211711,32.14536218809926,0.0,5.287842042779618,33.88147263262182,24.390526765905804,11.243257571377011,12.112371816469647,46.02339954982084,33.091154253001186,12.611947688196135,21.28248949685336,33.14087186172237,44.34717652011368,37.77862563807795,26.740065788388534,31.805341099396806,39.36018292640419,43.21379711648225,8.67262547635151,11.072985328339987,17.59045102738809,33.045604110386726,39.63339593662632,1.4453980455930038,37.782203779676216,4.924030205978406,39.20854758954522,10.793535480243035,40.82773607063048,20.95914626708106,17.751070562713924,35.323646470884064,10.41927570047213,45.410396364259846,26.428570810810804,23.832795103574814,9.708322539481898,37.51329168523104,43.788978205079154,44.082912974604234,25.629190627971415,19.421283507050312,31.219703354628795,21.402889753393545,28.77092920548342,24.013226967397678,38.52054929991714,40.51022546650337,32.3861648465728,24.38028310093286,24.885347545272086,14.137380757901285,12.541285941291045,30.707604323120133,27.715456823562835,33.624096315904524,40.764679789829664,36.351176945267156,13.498266555376658,30.586666963210742,21.562750193756994,3.408282828160641,6.549042615808317,2.5125253577763917,21.014940457897556,2.7993293657515887,40.09617906372382,8.439736914363708,25.821729814484637,35.610670265170434,16.86844947691109,35.80474806046636,34.63855018882392,5.8281932650431125,42.16404116479987,16.924931977676593,27.60258195553896,18.557449684035525,33.64025285643522,36.4946426037509,11.477434115583108,10.800993151614552,36.62125578827416,28.1385679109942,40.152249435042584,38.65858723940825,21.865847006373258,15.30872500322903
10.473275611804375,11.232496587661922,17.68546411085461,37.75814981631145,31.050314402430708,10.175191920167643,16.66734507462825,11.929371743896727,35.42559711017226,38.15678076524993,31.423422954924586,17.353931978143763,12.246108919712801,12.843306841006521,27.055496706599502,5.287842042779618,0.0,31.81579892481862,23.278743917302474,10.597253398491363,15.65414152672626,41.18239885570295,31.502177184235038,9.569830143716857,21.177007940361225,30.14642470424942,39.5521417671325,32.5351828402574,21.46341852300974,28.217564655760796,36.26318895890691,38.312736306159415,8.161152379613146,6.987643905275854,13.839807713657745,28.1370639432571,37.64272431529832,6.728325746197096,35.018497735817704,1.7457119476252736,37.30248292879525,15.152899096226044,35.83574774337115,19.893294121899675,12.704985362495485,34.03440468174545,12.55147507389519,40.265633901248684,21.79262410326307,18.661895697393877,4.697924856698295,32.74483614064286,39.08833825778607,38.85883399681258,22.905404050002645,17.4537270448206,27.248284274764302,17.89048316158907,23.698777028637178,19.4412773578827,33.692431173296875,37.74546114084041,27.26229600883736,19.699321028390592,19.82799505131828,9.238839047130085,10.273135165199031,25.422949619328964,23.56584869020838,28.42235050384231,38.04131331023348,31.073621597484795,8.231445926495319,25.34153257933284,17.390235120636536,8.333932604302795,10.889870972418281,6.694433874343608,15.899378501523067,4.787033506872327,35.82364969612979,6.1529485216604956,20.55953942150674,33.43882040688759,13.650236149560763,33.541545362522015,31.2670394361545,3.066847081353773,36.9335049481511,17.897216748615936,26.108774035420602,14.330536540933156,29.737239485952593,31.77311917393092,7.038285969449885,15.485656299311566,34.335859044540165,23.084103196965728,37.78701429035631,33.40868419426058,21.545086659924888,10.473275611804375
25.05600844475579,28.868591788252058,43.93995197530189,5.972262416149088,4.365542255398919,31.20155412141896,21.582264827909995,21.199123586043044,36.017942467495786,35.71332798715862,11.09164053672487,25.07789660157294,27.99398652626404,35.64367740252835,41.22246583837408,33.88147263262182,31.81579892481862,0.0,10.484255250768426,22.74474722942887,29.842779867232238,29.886072655595115,3.176937300647418,22.284586784664988,15.37610125473679,6.5657142857142885,28.13322532783859,33.778933176324735,33.62507956139589,11.118144023649462,9.323476622297642,29.044270220700355,25.2328706901396,36.100581938890265,41.09485771495315,24.411482744723195,5.8287983149117775,34.44547350375603,6.245390136667498,33.55951934661029,5.541360622718972,32.86833399477126,29.201109847513166,13.493563091265372,25.71393142613076,5.5388409603159285,26.485359220920987,35.25142116110428,42.4875710997838,26.929917207751057,28.63570484267385,24.087477312190792,26.489153729519607,36.81060450578925,9.469873175454023,14.491322667481432,14.228302923456214,44.693595212974586,39.49396564601964,20.202186181960904,25.38263845020603,8.245874664314988,27.892503271945856,21.05000460516698,37.608041259110244,34.48630322612271,21.62646677814299,34.63217803000615,16.079643614692156,30.28574285712938,8.266555189066217,34.92528468322172,29.270804845896027,30.49999986617598,18.46191004335628,33.64631065077065,32.319237210638974,36.38883883605981,26.005482624450792,35.63737364060377,19.481414691118992,25.88553263890855,29.69727260204209,1.835246744240376,42.21428136330652,2.2920198738319915,9.501427604871399,29.05762325772283,35.8304456105846,20.783832020813378,6.9136953703116975,20.391037647126506,13.76678167005711,23.042302180900208,25.820273003188476,34.39803031855049,3.06123624487539,39.38694821633073,6.528030612173122,34.55799313901081,14.394172290144624,25.05600844475579
19.28201869353827,18.58428038830184,37.960251176563034,15.72053278424138,12.391451958211075,21.006163526985333,11.09875227405389,11.639507668948468,37.89204730520102,38.611183322335776,17.400608011896406,14.623912204443288,23.077367656628077,30.08991423675897,39.008434880634915,24.390526765905804,23.278743917302474,10.484255250768426,0.0,13.165993300614915,19.358870771587384,35.360940055839194,8.883771951239666,14.413106280502523,5.044662566333178,13.215097117945625,33.48512578712512,35.18413046722476,31.199100457990056,15.397950565989392,18.66990156615176,33.70604838837065,15.77333839368295,28.707550596045113,34.62582167300312,26.204655763307965,15.763833574977623,24.75478432422257,16.034547396296585,24.964173512929953,15.225714017639328,22.399109311737902,32.91130790101028,3.437687879837795,20.962076544589387,10.933125101717069,16.12960669839466,38.99807090990371,38.25121558692679,24.49672897780936,21.094339699240145,27.84668111246997,32.10397648457974,39.66936411110709,7.889365614288539,6.490286619877686,17.395819342941135,38.55801671586889,36.5876044583408,18.48195589967553,29.211750501244165,18.46623924454394,28.650248422899892,19.460427664826877,33.861308966104055,28.055169555280006,13.1346620412851,33.3596740550807,16.802982242593067,30.991275138236528,18.56504153905772,35.547594080302524,22.96646428235424,30.02889384086804,15.331753364324962,23.695056575633007,22.071067403425026,26.894099800544222,22.549159358058166,26.473034412783292,25.673939777008698,17.127250038390606,27.619973252140912,12.31927509131565,35.3423730189732,12.72849927829479,16.142573954532498,20.287063134230273,38.274487479739484,10.315756127875256,3.574357656007748,15.680608068176284,18.47167318366373,26.645013317577412,18.543865259851042,23.932816169350367,13.529961310411219,36.30478733822124,17.00497118192087,36.08528672973719,4.047929175794075,19.28201869353827
11.770852967896454,7.3046476678222,27.278697676736247,28.48606963526745,22.986781649727416,9.037798178669808,6.797677874818424,1.5509312541508893,37.02826984004166,38.94625496129512,25.23514750081234,9.090774870994329,15.728410275546555,20.562798189637398,32.86480655966321,11.243257571377011,10.597253398491363,22.74474722942887,13.165993300614915,0.0,10.640398949095767,39.21301449930174,21.851575761608274,5.327044591669255,10.58353129602202,22.682805139126685,37.392623085636686,34.05717545540146,25.72598590958971,22.205162113567106,28.903268934534736,36.7564005255117,2.614833666228275,16.964067667771626,23.575043878592275,27.075263806731076,28.449396536048113,11.710027100475791,27.02864874649165,12.158866757075945,28.004802503594025,12.481094928420532,34.915939170574596,9.729232199083006,14.511375411260323,24.094942817690086,5.972262416149085,40.3498213333424,29.6329546282513,20.379800323469556,10.013908694757447,30.694739295328173,36.488667069239405,39.84903143267661,15.096823831386468,8.471503251899204,22.384639777293355,27.67133815163338,29.801312667979808,17.454535227269734,31.90691000586627,29.72880359626512,27.747598241348125,18.17935945527459,26.284701843856023,17.58614853821505,3.592727347840133,29.07883892918333,19.51833047393644,29.60263198447333,29.94859105404542,33.39190076552537,13.481012497553133,27.31242372613457,14.097944270462317,10.972767775409318,10.26736935487312,13.753582984006718,17.5406280575429,13.32538225511366,31.619654956875113,4.747581124173894,23.256293420781166,24.506552226717172,23.808275014869796,24.74125299979773,24.6140149226461,7.531179271833184,38.08000857485755,7.843957768205268,16.362414870921814,11.83533967852729,24.553227810582612,29.537814435612077,8.595412160221384,13.750847691866051,25.56312714414563,29.322304667614517,29.112533804012937,34.99796052366947,10.988183634788633,11.770852967896454
21.67500582585897,4.502048513324413,33.18773906866504,34.88076061705779,31.2720909673368,5.819210971130932,8.260669538511376,11.44892615943005,47.48913035675444,49.521777027889456,34.76011789275703,5.081491023352115,25.259434285196555,28.254507460522735,41.90718958335801,12.112371816469647,15.65414152672626,29.842779867232238,19.358870771587384,10.640398949095767,0.0,49.76895024172466,28.01250391361336,15.734210744587795,14.635874293206077,31.506808593621507,47.93395456250193,44.51264255173777,35.33528363247924,31.937547731503127,37.51092575531038,47.361482671220564,10.342614046077639,22.54625286754646,29.337880228921286,37.71547790323474,34.97836905918879,11.266092164236067,35.15890922595842,16.30043244699918,34.38339656263868,3.247248128517941,45.55420686682302,16.566245494858464,24.488503925103224,29.38432735111612,4.668966585829442,50.978401188690704,37.35023776663932,30.61380720911293,17.99007889853489,41.2838049978686,46.97142857142857,50.406638046825464,24.22047910680681,17.538215300262664,32.55349130152352,33.29017946751852,38.651760157401704,28.093753826814115,42.51217391068404,37.70577956023317,38.299345121486006,28.809309719786974,34.885448928439715,24.75206559098469,14.19223587683327,38.95913714838843,29.965027778994603,40.077888249390234,37.8374857860858,43.68910198954724,22.116498228190444,37.61876084278879,24.728207474419957,9.062655375163486,5.786088876762607,13.654207694154286,27.705259796799652,14.892052393468003,41.78806235160995,13.077438431067735,33.31598623447173,31.67793128681614,28.834316290114582,32.07762065582133,33.900042261125904,13.603232508998648,48.61202874572825,9.130064264252896,22.93210066296427,22.446704226060557,34.549326583117924,40.11589740352066,17.87457526254335,4.765745118091428,32.88368666952645,38.09216920972132,36.36307119783442,45.448637077968556,15.565449966289478,21.67500582585897
