0.0,34.45304026749264,38.36350817096468,21.087749030744686,34.27229308741082,22.177451317470535,4.9044752574582775,18.399038129251014,20.24301421453327,35.276572095025195,18.077986162000165,30.510515015820566,12.79694478843944,25.604175679855384,24.707615284790727,16.118260907860922,18.57433120173743,14.013643497735792,8.610647419305458,36.69316746719354,24.261328260826772,3.275362575349483,38.46198950567551,9.399180163987817,15.915958875882264,17.970792630129093,26.877299427021978,28.96411403859639,36.79579612190634,20.337303415253498,9.566789494103539,18.392560164037935,35.288811894111134,32.38599243689236,5.965738916205312,11.946062454351447,9.914708924684806,22.247948220004467,37.299642718647796,28.518996461721326,26.961463655539546,6.223069653986473,24.336313003662756,21.851468170914504,38.48508812726386,34.717299340089625,28.600456682524833,17.648486088741144,21.76584630346641,19.29482451491136,3.507421868447723,35.33498422532663,17.669155414484997,25.768491438584604,2.890033542634239,26.962101292785935,38.60980947576797,23.064081802399052,33.90940342760879,33.24357160506711,7.372026553818431,12.320455862226092,6.6834501660780665,21.577546152405368,12.404429755172963,8.644573619399887,10.802516713569055,28.455283932399436,11.964400255315255,34.24458533096577,25.41685123162608,40.33978013356654,38.318185803418544,17.280212583726378,11.135324926758523,41.513332011462026,24.735960767717128,7.460531249891809,8.492239915093668,12.633541362062292,5.70282851409934,16.36083426843459,19.8519022889444,34.162682110449,28.73544806524172,12.581502457243836,35.18744210130445,13.350720228221581,16.63638991451436,10.050642379713745,8.790341638551313,3.363540408800324,32.4264563186876,24.982701607148833,23.58002959960753,9.188971206655001,36.49795208121202,29.04295987614463,19.741017900683396,36.774992834250604,29.014127452617537,0.0
34.45304026749264,0.0,5.384331008413512,14.568100460266194,23.192359755324773,17.9952810140745,33.47678281667911,42.83934487580027,43.05787846560933,35.40542884695417,17.313301244996573,5.33297175645081,36.757839646940674,29.458282920989497,27.399225372634316,42.88802316046107,17.288603300487654,21.178867403376316,30.96011865188464,3.6229878299997806,19.957186828870668,34.844327855096715,4.014540917154811,26.833171673151426,19.99090895423033,49.71609750393134,7.6199180455178235,6.162755810810084,15.89849126457589,17.203990994023712,26.086810178826433,16.13321380739442,1.9981542503428646,8.701042865011956,39.43620671413517,32.81494383319146,24.635496540478297,38.6940716864156,27.662144766109957,6.34058646614758,36.5416758437457,31.491106616287198,15.31280376624978,13.282705650120953,31.391061772161727,18.2855473206663,6.4716726538643385,22.579492230512074,15.473240099722924,37.950216584039545,31.34393643147599,35.094782448421604,46.82583274480975,10.925394496216564,31.898122009847253,29.519183662181995,4.45615373640194,26.459176719109408,20.685526439557506,9.12517039259419,36.59140347353822,33.67238558552702,31.779532882093807,15.850358394196952,27.55544051618149,27.57256311507318,26.192069838960403,32.28379159888132,23.19235975532477,33.361907154411774,23.803695134176465,7.818815610501401,3.896070233620812,46.06813941747327,30.71332676243859,7.794440719028465,38.39230024845278,36.16202315091547,36.541880920725596,21.87208900747755,38.7006141384588,48.60204379678379,25.751299075612327,3.842218746760678,7.8227047882482195,21.918481997191876,11.101796876071507,21.373128274655958,17.986811494956573,25.85413968353057,30.325714285714287,37.80614138642837,12.988019597352958,25.679084477290786,11.433668863207005,27.22635997615216,26.495848269308233,5.559812065536175,25.366476350667615,23.565568102636526,14.779380009641399,34.45304026749264
38.36350817096468,5.384331008413512,0.0,17.575065825638042,21.361162545753974,23.293553807429035,36.86242885682506,44.879070163891654,44.846661195769784,34.21498275460561,20.545941354010747,10.69633238687973,39.19302936773845,29.68224206284881,27.761188588328398,45.2636358978582,22.127079355765108,24.60078843933126,35.61533675602264,7.019052788006108,25.33619174708184,38.40774794284112,3.6887429416802546,31.347555319191887,23.08885127201491,52.64725494326579,11.73535944164003,11.33953027857748,12.936588832155286,22.318031512932425,29.486282386553786,20.431934188761414,6.43887174804368,8.02036591358244,42.993550916482384,37.7227821598242,28.769790278225194,39.872034084566295,25.46320851257952,11.38538698221074,36.84880570157808,35.943016125017465,20.656111414676047,16.57877374161039,29.271512654135666,16.103312373165814,9.773789188540992,27.717195723512692,17.800172436679095,39.52491954838267,35.4386976312042,33.868750270684025,49.38434354889312,13.157184737020364,35.96125670320031,29.49094637964924,5.6149072720276845,27.14745585103093,18.826635061930265,7.833460412922017,41.1172563207583,36.10018712145522,36.283524343364306,18.131867988011987,32.43932760570422,32.05241676392223,30.84242029730997,32.097600139167376,27.62408000130262,32.196864342190025,24.040973188220452,2.437965026284781,3.387265467444024,48.597218363328786,35.56243879518423,3.202550004389041,39.1699018145727,40.70843867789375,41.15760449981589,25.737983366128393,42.94036947456606,51.66175990744695,31.045103725162882,4.216027727128745,13.17573279532784,25.792179165833367,8.58995711661625,25.045385741464944,21.72714281017818,29.178839970787326,33.32979251942255,41.67458188764711,11.626093101998046,25.985280605821156,16.265319560591585,30.491225636506094,24.37568410342988,10.460303971858249,26.751125095545998,21.163098419037738,14.564055277375497,38.36350817096468
21.087749030744686,14.568100460266194,17.575065825638042,0.0,18.234851582749393,14.791772671843972,19.289866219741132,28.416487309665985,28.78971755218682,26.58171782351509,3.016460961904509,12.517209051900489,22.209952540172946,18.027277291111165,15.924053427159192,28.341845604069224,9.861569192515736,7.1037029722791285,20.116520168097395,17.62486647800053,18.269010227537713,20.874939569752446,18.36793745989495,15.639745287345992,5.520958213194223,35.2221975464337,7.321625781316101,10.86832807298532,16.957544104050452,12.048941015368808,11.931256156389725,6.056185908234819,15.95652870029272,11.3423547927623,25.446959001990386,23.209839574224212,12.162129244301838,25.100755009378027,22.660393209478144,10.214381218334735,24.384694430092406,19.760963374020704,14.095098583608157,1.5395202009001356,25.523641861567306,16.12111405478377,8.137730717128075,16.05292878103493,2.4391701499502156,23.926915251853668,18.473804951545713,26.390514065721817,32.25773756253003,4.683985743891583,18.931683841149063,18.628930759023444,19.01423398082476,14.41633767073783,16.63775887576699,12.235305222083797,24.952286877321747,19.134254783566796,20.23851329540199,2.7140451021172316,18.242617964647557,16.175019288383922,15.697775222584108,21.437538695151606,11.998199864979748,24.694028361826547,13.235817823972484,19.383599210862435,18.15876108333475,31.50070319914805,20.903638976239986,20.773861126965517,25.36402594709479,24.616289280864077,25.26427953471389,8.769053191625138,26.074426598661372,34.1676753791698,20.557852663214824,13.367823689893639,12.13920079405425,8.834411383323504,14.381477883807664,7.796231428696554,4.922985654570001,11.608347453976597,15.834071246678727,24.323080497707505,12.184218632044873,14.58624456850511,7.93817950650847,12.91626407096961,21.512707967190757,10.158658114823904,12.119466547161021,20.11219550827968,9.645824305398282,21.087749030744686
34.27229308741082,23.192359755324773,21.361162545753974,18.234851582749393,0.0,32.741874330799654,30.387826241333375,31.209535434556148,30.25749736740921,13.052301697089165,19.81252294146615,25.442275600957984,27.952688892600843,12.327573871245727,11.505398910147905,32.85353769041487,28.088502114217626,22.360279652152137,36.589475904128165,26.697896271169427,36.10999115514278,32.49073915152201,24.66332317843809,32.35653320144676,20.242956144530563,41.75358852963468,21.054143612726357,24.456945927111025,8.97398689637591,30.154612196721978,25.128136599827528,24.28498553528454,25.187851299013666,14.492529250673698,36.235718087353014,40.22544306017965,28.33226818325993,23.787528888311307,4.665786894719772,23.887235084873254,18.47406742834232,35.50486025941823,31.503819010477095,19.072304955786823,8.229214260604639,5.305153443702123,19.36563250836336,34.26532965442665,15.934873577106513,24.870262547542062,32.980335513942926,12.681138170768524,37.243002136821154,16.13201152734424,33.209789557432906,11.349154063593621,26.411157197097513,12.370124642600388,2.5418296479472566,14.122405992620667,40.23617014273478,25.461067518540407,36.111053200721045,15.801307101706772,35.74290236379462,32.66824108381417,32.852674478772094,12.986016969598253,29.20943655179725,11.109947004778176,9.121369392357527,21.09511985347922,24.33612582988844,36.41919206984702,37.97015541238692,23.47708496315816,21.895589715273527,40.03097576137962,40.88887678694487,25.045532413537373,39.952718586461415,41.43233165201361,38.78701276437351,19.46097885408603,26.696690920832285,25.115198423200535,12.77161265447392,23.73429654851943,22.37914481049219,24.578361812532485,25.92906870833645,36.75950655883427,10.204666399570865,10.265709116932417,24.883835914020946,25.1590921610329,3.4603527011457267,23.091880364654376,14.897409170724956,2.5749689912933804,9.46636580915047,34.27229308741082
22.177451317470535,17.9952810140745,23.293553807429035,14.791772671843972,32.741874330799654,0.0,23.690225315733155,37.054022998969536,38.16314580795435,41.19195998428502,14.445743670856192,12.6858185323902,30.30246706464808,32.072998370744756,30.0740099333193,35.8456445992354,5.5672335855358535,15.053664005815994,15.536016351743218,18.42601975689901,3.511566892544742,24.0605908625092,21.519475754178906,12.807458286291705,15.94167737570361,39.948246111023934,13.129347093516907,11.977570875667261,29.407096186506564,2.9219898168535643,18.016237574103275,9.228988933501542,17.7051441850171,21.78154995328264,28.092101003227047,16.03333771762283,13.37619695197253,36.52777617995737,37.28812208974316,12.030377875891293,37.60177373150238,17.03073619988884,2.8636269281583218,13.724278502280665,40.280012970429375,29.757595360389136,15.520914132556886,5.317049972321426,17.228093810010744,34.50005430341778,18.671184390140123,41.02527483771686,38.699702893971065,16.861496774289872,19.28775608239273,32.88413797885304,20.752630519271232,28.376736663567733,30.87222488561126,22.73270196821113,21.295831152828853,27.781691225462474,17.024065559180197,17.476409288885776,11.284701582049852,13.58926947624335,11.504696467805074,35.587795202104594,10.720702078745799,39.359958934772,27.839968332142437,25.722038831178466,21.536464379261133,38.122033481107664,14.336564356603029,25.748571428571427,37.63273000124943,20.804910723290345,20.85108483449986,13.21732073254405,24.506264421946632,38.42587776008055,7.756153054451777,20.045417818299622,10.200705857929634,13.200000000000001,25.35317876459257,13.954548962065878,12.36575257453803,18.20149265016135,22.81765803861884,25.311595471366925,24.747185368713538,28.97194589563483,8.229374960766943,19.408508128011853,36.114568714985204,13.034536228568989,25.365248282013,34.364399708811135,23.511083274377082,22.177451317470535
4.9044752574582775,33.47678281667911,36.86242885682506,19.289866219741132,30.387826241333375,23.690225315733155,0.0,14.3433374990706,15.986640340851958,30.528502306225644,16.321908651895345,30.12142447237344,8.177789731826024,20.995472398221708,20.260775817690043,12.501386698592885,19.213036390610895,12.315696306348416,12.517209051900487,36.086789261219586,26.27163971017463,2.12827035262853,37.42163207208866,11.7035002613469,13.794728363119178,16.63179644720391,25.867543291127728,28.487859497960006,33.779803167585456,21.404949265560624,7.400394915000087,18.02076353452724,34.55823975109087,30.229901131974934,6.25864561210804,16.266078387935092,10.372774410908193,17.41387764668965,33.112270615379465,27.96370475587005,22.063336658125756,10.156560561970748,25.43622228401129,20.33178269987907,34.05821522760398,31.364031914905063,27.26805711405765,19.875144974442374,19.443091213034187,14.497395121404479,6.536915580464724,30.60219439910831,15.012699929848512,23.839064493355586,6.157722876226908,22.369451472570205,37.810824494839984,18.706117301294668,30.272412173057997,31.01425241822256,12.267675794043267,7.4189168030523325,10.753928945046177,19.1873300032355,15.546832474816211,11.125767114116268,13.198942443720748,23.71685631506393,12.973519026014772,29.571607452875107,21.352321481587452,38.65287021050577,37.241830332713405,14.452485980633508,15.047532850868249,40.05878211441026,19.85051071157123,12.334389952900148,13.36619677868505,11.91384171834576,10.258363636067692,15.31409914598509,22.854264104431408,32.6510275489149,28.660252786671617,11.8844642199772,32.71268617424582,12.15820206901581,15.531513717836612,7.683921192851935,4.458757949135562,6.445007560040532,29.68652879399568,20.70868495711548,23.3729828334043,6.389596135555841,32.38038408464895,28.329301481839956,15.572066041997331,32.93492656368162,26.08852809108217,4.9044752574582775
18.399038129251014,42.83934487580027,44.879070163891654,28.416487309665985,31.209535434556148,37.054022998969536,14.3433374990706,0.0,2.1908678738838456,25.208867244584827,26.06355936035238,40.77227749641781,6.752740940098444,18.966477839405314,19.753786513796612,3.0144143506742775,31.967241395669088,23.056684010304263,26.766193115150887,46.02647720694723,39.96817346084155,15.183781895597066,46.42805098609403,25.92086733242748,23.418146809685854,11.492479883713138,35.729341740710666,39.094021673553165,37.75396224644669,34.45643069626525,19.08961636757597,29.693432792797942,44.340761364317444,37.13616115467675,14.339925710677694,30.32955156211816,23.8136068118157,8.336524015023361,31.983132289074003,38.47103124297501,15.05659202028487,24.368979947332,38.3427123693243,29.852035106504882,31.268688909553735,34.36031170417642,36.3712328577385,33.8476587078043,27.381865591396544,6.372555954070162,20.841124964740224,25.459422697336098,6.483264483834279,32.017515614464045,20.407093604620794,20.128327890648773,47.29254158739957,19.281088969161846,32.24352236797149,37.651088609353486,25.264698288161618,9.509265084588797,24.922701724020406,27.011861340182097,29.876911568934954,25.399310933928252,27.40250725903804,19.641166264886053,26.515544920838032,25.22583515334375,22.87472609404429,46.11653207486709,46.1817562706844,5.745415208526479,29.312686673179584,48.00378352435422,11.238107183205917,25.490829083161238,26.4794167270369,24.05519164126445,21.8740841907421,11.892411574664935,37.115390283794234,40.92480790475157,39.90203922976716,24.05696912051279,38.504040180273044,23.667805050709013,26.51244143832114,18.977142857142855,14.240844964612261,17.601440571841884,34.9875761039923,21.22107077642311,34.7714154243431,17.687782016212804,31.737211790655113,38.53348610001966,18.370657171096497,33.66656816850951,31.261000023175512,18.399038129251014
20.24301421453327,43.05787846560933,44.846661195769784,28.78971755218682,30.25749736740921,38.16314580795435,15.986640340851958,2.1908678738838456,0.0,23.535588336970605,26.59133447925762,41.24686852677796,8.017947215529695,17.937499655123364,18.928027808905334,5.203330173836672,32.95963393892224,23.828115103544278,28.4854764282948,46.325348110413806,41.16736769900774,16.99245450793033,46.554375843781656,27.3996275857307,24.000569381001043,13.344852710972539,36.11010509256264,39.57516475399847,37.160653319096,35.49875536766129,20.147204394107863,30.489013611798075,44.62306788820219,37.002677454145264,16.426775554016704,32.12866886855579,25.063003712684576,6.77721994656228,30.748633020885027,38.93951982345998,13.412858892624993,26.102695145857084,39.32135360055134,30.26224643319913,29.825861945907384,33.66998542273737,36.61137193690016,35.17504170834305,27.587241061544287,5.502670223794691,22.52049515532055,23.804195137043568,8.303675114560015,32.16654669887043,22.11585376500537,19.017641648678495,47.49803140926055,18.64856858324739,31.438247341707317,37.46802718618222,27.229403674884175,10.39373280552531,26.675078945238266,27.208344458332363,31.438420275003562,26.915759741255304,28.86630123411684,18.270465963697045,27.756196881167316,23.676675166475032,22.23468223019054,45.981540217964934,46.298172926439875,7.638446257223378,31.024394351831575,47.93476689784795,9.518670804138097,27.438651719121793,28.437499244225155,25.038855030222322,23.925465896557732,13.887534272262489,38.587307207824445,40.972292877912864,40.49992290242095,25.0462540276251,38.17746616066838,24.549744584896874,27.238192873617887,19.98102773602387,15.38632310773143,19.622244769544547,34.63300537384086,20.490074849715377,35.4493892754163,18.755069192305402,30.572328424673877,38.94498725963408,18.1410797779571,32.66260921629388,30.950107579516963,20.24301421453327
35.276572095025195,35.40542884695417,34.21498275460561,26.58171782351509,13.052301697089165,41.19195998428502,30.528502306225644,25.208867244584827,23.535588336970605,0.0,26.816629017024763,36.699650223545895,24.871704109411613,9.962950140907262,11.530428952850569,27.72131457259293,35.84195922123017,27.57484923266275,40.31776232857763,39.00726714082798,44.70207994065162,32.58352557314065,37.34978927897282,36.82027125796609,25.91322473808558,36.68673963854137,31.67967068474477,35.43173119550051,22.01997163986385,38.326805241240756,28.121418955693407,32.00057652541878,37.39275276285063,26.829644889523962,35.05282124952313,44.30882420061287,32.83868549905922,16.872786929713484,10.223310698235334,34.793264654328176,10.152277315650785,38.58557074072839,40.67677791104514,27.88954774587404,7.410197055960338,18.336447478245315,30.548754208207402,41.22637594391954,24.170091148410034,19.277613536780674,35.279866721947336,0.40458595615563203,31.692061711258294,26.413004218315166,35.28078299839152,8.764494234333972,39.003857893960244,13.358290248656337,15.503408973381253,26.649727953583312,42.35204874209819,23.59351069550217,39.250479783886796,23.869555710065455,40.87499230481111,36.85423244322953,37.7716317262745,6.821758705549082,34.621823953650264,2.043526363911168,13.363305224779246,34.10105127351917,37.02573401827217,30.946850553548636,42.29860266906108,36.4748156896212,14.017166152214058,42.297685564125516,43.289719758098386,30.276168846140354,40.78676255845761,36.92226008515619,45.731812711476366,31.870802964981177,37.4394073736457,30.334221531438175,25.658436492999844,29.01813310638008,29.150288128236117,27.584609728570584,26.543930471916912,36.7863346410937,22.696191175559633,12.296209470683996,34.36135085605718,27.49145648363936,10.84839497204023,34.182023202322036,16.873744851280712,14.163112767513576,20.695511492069176,35.276572095025195
18.077986162000165,17.313301244996573,20.545941354010747,3.016460961904509,19.81252294146615,14.445743670856192,16.321908651895345,26.06355936035238,26.59133447925762,26.816629017024763,0.0,14.712696724188913,19.677259639969574,17.639741772370655,15.62899346518175,25.7943097664297,9.025742775697811,4.087663870521566,17.496710827921866,20.20142245951396,17.953818308001637,17.87411490601617,21.189743379517267,13.049948627625838,2.698462147072602,32.40330595378648,9.827149398789174,13.033307409894709,19.552396168203202,11.546207434584266,8.940620441420775,5.216754797021313,18.577748375243903,14.323983028331133,22.452830556524493,20.78928216801207,9.362260323626282,23.421340347500806,24.018910916872414,12.416470956773836,23.46208404543599,16.971982674937166,14.34219008124389,4.039644356946814,26.582845473526486,18.34171157971549,10.97792218546862,14.692158674973951,4.178956026256765,21.96990074569091,15.515649505961285,26.666848026594163,29.599047971452162,7.690745034369132,15.95988951933527,18.438575357778856,21.72671674248466,13.94484763309388,18.4977227500786,15.200997819020879,22.12714576243029,16.64395753566379,17.478292542582114,4.1706496337317684,16.02600437808909,13.521498528231982,13.282041888756932,21.147936069508056,9.569108460807305,25.032827426792835,13.53139478760261,22.387081551827233,20.99431059956531,28.858680015636505,18.48961054103584,23.739595443830435,24.000024489783424,21.808685781362524,22.495191322881897,5.914683216455503,23.112869460408362,31.305039823762353,19.25021494711693,16.332114351291857,13.922617628616146,5.983078178479362,17.271970923778117,4.8419695773264735,2.5678260478943855,8.638860469071235,13.012874002153342,21.307385324993657,14.864053337924116,14.549307578727175,9.051704541247513,9.973091961137538,22.922583463760386,12.539399458327749,11.091322587261352,21.89564340228439,11.965431842757429,18.077986162000165
30.510515015820566,5.33297175645081,10.69633238687973,12.517209051900489,25.442275600957984,12.6858185323902,30.12142447237344,40.77227749641781,41.24686852677796,36.699650223545895,14.712696724188913,0.0,34.370586380846994,29.538754619817603,27.414778674939516,40.47174433843837,12.530302861300616,18.11533660764169,26.243077221256204,6.2674904654649355,14.644666369065034,31.2744073501328,8.89795206889811,22.311966954702918,17.382358403665176,46.65500931172933,5.3605634793673085,1.6800874612802206,19.439062713610276,12.088449538501534,22.874616892074577,12.175749735956838,5.1525907887910805,11.548650597028416,35.81737350641388,27.82611546804218,20.59622077479462,37.58066198328657,30.08012646521396,2.3079277744862154,36.35155691020562,26.989505443442873,9.98122155216832,11.008063834651171,33.64095172038183,21.08013863564372,6.167474924049183,17.40293852737965,14.16178473705823,36.44260973203802,27.237297357611283,36.429442678656926,44.17500077959875,10.452659460439643,27.819429416528738,29.84689584926269,8.417352339552103,26.18302487942779,23.07701745663589,12.301836597576372,31.973266894678858,31.352279870229914,27.21884101357824,14.551448486704833,22.6173608594128,23.081505981355438,21.523469866683683,32.68450597167173,18.825589185023272,34.67776703495501,24.099327113986785,13.134292861802336,8.888286260751352,43.45560436837127,25.793489449068026,13.062958379810182,37.69174781117511,31.525122343545476,31.831331503820604,18.23535923777243,34.36698225605145,45.41781867352531,20.438089291260837,8.04686882950031,2.491618603499766,18.270530302950167,14.752511788899973,17.993990833676918,14.684715919371849,22.7351386758965,27.452186262887057,33.87284554486266,15.591529882652077,25.81965269530406,6.939702987233704,24.13724025954373,28.87910055697012,2.555723468800875,24.415725945983823,26.294840651693615,16.198321908551552,30.510515015820566
12.79694478843944,36.757839646940674,39.19302936773845,22.209952540172946,27.952688892600843,30.30246706464808,8.177789731826024,6.752740940098444,8.017947215529695,24.871704109411613,19.677259639969574,34.370586380846994,0.0,16.5312705537853,16.603368234629198,6.131897199505719,25.22469344082646,16.445656705945066,20.6763183080429,39.820676405452424,33.234129003364075,9.53306255264556,40.46932262182538,19.39010982907713,16.99178865313046,14.02972936739868,29.46041273246773,32.690619512050134,33.352528894725054,27.7054560308534,12.343059522150371,23.040063775421935,38.163222813465374,31.700202278373492,10.467900789498126,24.443153542496123,17.091703680261883,9.669544024029939,29.642438964348095,32.08395975358072,15.331235822226947,18.32975500019973,31.6005915728662,23.5826902967548,29.729460960124925,30.271043346837626,30.29356771491201,27.17359162187901,21.445680027379282,6.650235533653017,14.687257284143021,25.02883561504406,10.20541512919409,26.119464944358867,14.331797671255197,17.8805259476131,41.211460660790934,15.583385186715722,28.521083071858207,32.30924250149496,20.081311445912963,3.0964100345465937,18.931086194135712,21.095969631516766,23.46011117464132,18.919766146028554,20.85271968754548,18.369665323070876,19.791575202080097,24.341420480744507,18.990270333698223,40.61171440531384,40.23963200221231,9.409070742900061,23.193835915815992,42.36588269263997,12.417689817682003,20.219344142454776,21.24542303650365,17.321209365328713,17.30094818682679,13.52200926984882,30.572693698789447,35.12435889457773,33.37856919690616,17.321285713696607,33.45741612673565,16.978734358254247,19.92151948962504,12.245352971137871,7.488152274746818,12.959183647758312,30.048905443748644,17.687682327610055,28.191531511778354,10.941011407189231,29.16046358915945,32.21292933476449,13.639359611515673,30.511993493358894,26.283281875033207,12.79694478843944
25.604175679855384,29.458282920989497,29.68224206284881,18.027277291111165,12.327573871245727,32.072998370744756,20.995472398221708,18.966477839405314,17.937499655123364,9.962950140907262,17.639741772370655,29.538754619817603,16.5312705537853,0.0,2.1290986882927236,20.808914887026425,26.58176757378897,17.84080624150542,30.357502518877816,33.052055417884965,35.5742993678049,23.09977577415691,32.204694802884546,26.87609118809914,16.347671618519218,29.836929863400314,24.22606590818565,28.067260323031462,19.835826585411827,29.161289968947898,18.15856687683277,22.85019394371317,31.339412234176844,21.69096492053024,26.04049656255598,34.34623087778635,22.918929347789778,11.48966669735578,13.189843959405637,27.399777743773093,7.166965030966875,28.648879024976786,31.901010156099947,19.486844542000167,13.27283430968099,16.13518098151125,23.667978884767408,31.61849316782951,15.785183442916672,12.598833765269623,25.394821262193897,9.944334865558748,25.152094407051358,19.114862259081896,25.42350447109597,1.385287121200246,33.57802196651365,3.6962639714905077,13.674542412968764,21.86125675570312,32.538904061922864,14.590938199821844,29.312345800473395,15.427819029273062,30.96184617181842,26.897732853403486,27.855686994924103,3.5274318576273127,24.791493603694814,8.682226743439136,5.6774182117420615,30.25387922503931,31.902198503986448,24.337647329826687,32.337922389816505,32.469657547077546,9.87943318212133,32.46238438562392,33.44181715597819,20.482299775211587,31.212741511329327,29.69048332378575,36.06847365548942,26.448600904318518,29.78823874194208,20.53725733333227,21.835787887160407,19.260585533727703,19.774573655715212,17.62169812753468,16.816478798597327,27.384119336519376,18.3255459032756,3.779601533905664,25.965362799431908,17.54695996694677,12.82828762015048,26.985737729703196,7.00505473474224,14.727390558176326,15.120437311460138,25.604175679855384
24.707615284790727,27.399225372634316,27.761188588328398,15.924053427159192,11.505398910147905,30.0740099333193,20.260775817690043,19.753786513796612,18.928027808905334,11.530428952850569,15.62899346518175,27.414778674939516,16.603368234629198,2.1290986882927236,0.0,21.34836417764191,24.60979396873678,16.058383276948764,28.979542397198408,30.98446114834114,33.58047683535474,22.385499679890266,30.20806866128482,25.346315756909906,14.464599996585614,30.270354056301976,22.098845107879292,25.939884662938088,18.379397516274153,27.169368105741917,16.776026626938666,20.84537593710374,29.26817928001923,19.75021570535784,25.61427408174383,32.934868564288195,21.336852855937263,12.777237413399162,13.115002781516429,25.272205592512183,9.153483110883226,27.371646286041383,29.84297681710259,17.375061650162248,13.799435658380958,14.782928930191813,21.56121688285213,29.774458304844753,13.665964873303581,13.465602436563758,24.23780551796161,11.456572839400524,25.73775500413859,16.99759887004452,24.311170523956637,2.8312714386267657,31.55154383492742,1.8304365488002243,12.512982319599601,19.962958350967146,31.460842133596834,14.350578456662163,28.029415452560627,13.311006340465712,29.362686859206818,25.413948925737614,26.262879522556666,5.534913306107191,23.091498568140807,10.018471104180822,3.7259991126884495,28.4137879723696,29.90866586589163,24.913826994466426,30.874280955024613,30.597829454831253,11.521747316465925,31.356155532780456,32.31583171746994,18.748377235899426,30.374593572488788,29.99912815059661,34.25472742586646,24.44670605080966,27.65946212235443,18.8060268238126,20.073026677608933,17.49668563366403,17.82461494560776,16.226418368242097,15.93935445393455,26.698567721271992,16.53176830424701,1.7786488795528748,23.861736426884832,16.28981001129484,12.5700635622571,24.862462484965697,5.3819835505857405,14.018895703110635,13.202916189931955,24.707615284790727
16.118260907860922,42.88802316046107,45.2636358978582,28.341845604069224,32.85353769041487,35.8456445992354,12.501386698592885,3.0144143506742775,5.203330173836672,27.72131457259293,25.7943097664297,40.47174433843837,6.131897199505719,20.808914887026425,21.34836417764191,0.0,30.963483430041407,22.470650245352928,24.64404220753021,45.95090654432073,38.6110729597358,13.011789944162965,46.58989887895251,24.203753461656586,23.103712927155414,9.074402662074757,35.58801816250371,38.79235018213077,38.912099372187825,33.36217141663074,18.133431972520835,28.999477546314235,44.294714661444374,37.692617151838924,11.6048026651882,28.056091339038833,22.485116710157136,10.922906094580343,33.96537781029262,38.19048455052752,17.601307001562848,22.236671311606152,37.3234292013333,29.71213233955559,33.49907729463361,35.65970183125313,36.42237527136531,32.32108302893431,27.551366201911595,8.501284416762791,18.831949404332708,27.95126954876567,4.401543328591619,32.22355584072633,18.350777996074843,22.049753018191957,47.342103623626656,20.650889391332786,33.69966559514337,38.27117037186938,22.719570274751845,9.216737215411927,22.754719806435492,27.19750348687113,27.99932419009503,23.624654710790622,25.6985837773848,21.858184849112224,25.173893182405926,27.602028319435853,24.203298139227357,46.63533039248598,46.35812114310035,3.57398765458165,27.190457509792594,48.42688138643997,13.89762452172812,22.9755540005601,23.942195694920663,23.136869066580328,19.17734888362001,9.202010428073168,35.34858805597503,41.21720425417779,39.43015897425084,23.130053601144912,39.31045911609743,22.908406085709128,25.95127931257308,18.106988165019693,13.269114053134897,14.985063583857256,35.849694388587224,22.681820464676917,34.21233719473913,16.74558827066437,33.63717768257288,38.33307305442545,19.254481376064753,35.36169217485763,32.09029759911864,16.118260907860922
18.57433120173743,17.288603300487654,22.127079355765108,9.861569192515736,28.088502114217626,5.5672335855358535,19.213036390610895,31.967241395669088,32.95963393892224,35.84195922123017,9.025742775697811,12.530302861300616,25.22469344082646,26.58176757378897,24.60979396873678,30.963483430041407,0.0,9.525090390058013,13.720980508784674,18.790737622780092,9.021411265677331,19.918561541375194,21.212559237106568,9.83732666522604,10.379147068885331,35.778966344111474,10.628626727966742,11.21609339388756,25.84772804131843,2.660458760501004,12.882534926110191,3.88507978012797,17.627008960625147,18.780389250709455,24.253726160181266,15.596128247950855,8.90399405907717,31.044540484238944,32.520149107271685,10.953869878089774,32.035725465836556,14.501033319972018,6.375898496106498,9.095622629617399,35.3273692823024,25.641296410919885,12.973881454676544,6.379400522024635,12.231413554901179,29.09726686091857,15.141258136600916,35.69046519901987,34.086665056791304,12.893548457920133,15.749173739259712,27.43107845685478,20.93452416561734,22.887762348165936,26.416792433014642,19.758695321714097,19.443476635454612,22.56746294277381,14.704185160167485,12.427010739448459,10.312265730177629,10.622279243483039,8.993467016651131,30.10399932750139,6.611300159266584,34.05043126581152,22.536748765027287,24.44406125446925,21.14458680183673,33.46041999321659,13.444907995981533,24.984818900888676,32.089157428791985,18.994819487084857,19.311015784060785,7.922170389070747,21.95356881405548,34.36032880981157,10.763011489658952,18.299981933748192,10.426747394297506,7.916696899333605,22.303878311968568,8.504256797243917,6.822275639254044,12.994975481127389,17.753619924065156,21.887320343905383,21.0455226708627,23.5722701148478,5.873999437159924,14.28436222173159,31.374145081449416,11.754113478840903,19.820620060730608,29.907270565082687,19.2078121861807,18.57433120173743
14.013643497735792,21.178867403376316,24.60078843933126,7.1037029722791285,22.360279652152137,15.053664005815994,12.315696306348416,23.056684010304263,23.828115103544278,27.57484923266275,4.087663870521566,18.11533660764169,16.445656705945066,17.84080624150542,16.058383276948764,22.470650245352928,9.525090390058013,0.0,14.259931018523938,23.89436343746434,18.415841450407058,13.806972506524318,25.110254186410025,9.999709383532206,2.155164655862178,28.610858506689308,13.589226224761845,16.446791387342866,23.19505225214187,12.180310642464697,4.915458331859288,6.661141656147637,22.32356126954438,18.372352787239187,18.394054052595255,17.86904197836274,5.9796143483590996,21.53067787590345,26.231848534768194,15.877737976969707,22.706890440335236,13.39949801070083,15.70967724632411,8.030509171342773,28.39132491822537,21.611112787599975,14.955882877752861,13.808558127155075,7.852738505821795,19.669364971125706,11.582305998586719,27.482117376763455,26.071129704744912,11.768855474670145,11.992185210479743,18.87154514941823,25.54221859221013,14.243197302142347,21.38352064329073,19.23262024875064,18.437340106536016,13.547510954460396,13.958897096950937,7.715466576286617,13.603135292862394,10.313847240383156,10.59051250422003,21.34836417764191,7.12524457152747,25.962640663154463,14.848178614337357,26.467605459797646,24.928030939699433,25.361163946765018,15.626539434368619,27.788275313483545,22.579980296804546,18.15473087272914,18.91037421790548,2.766859267126111,19.1501367821619,27.445633978645777,18.229306747372373,20.384846712943514,16.96249981577008,2.8321016930894274,21.224996430373967,1.4564368037320774,3.480633299166304,4.6790893933564055,9.338059056290847,17.225099863458627,18.629711621548005,15.38341009407371,11.747373479781317,6.064841468729116,25.215557879683594,16.147079093919935,10.852335777920562,24.635532327539106,15.456070731236306,14.013643497735792
8.610647419305458,30.96011865188464,35.61533675602264,20.116520168097395,36.589475904128165,15.536016351743218,12.517209051900487,26.766193115150887,28.4854764282948,40.31776232857763,17.496710827921866,26.243077221256204,20.6763183080429,30.357502518877816,28.979542397198408,24.64404220753021,13.720980508784674,14.259931018523938,0.0,32.49260236058763,16.83750623835165,11.633976981589878,34.913447733689395,4.478257678688743,16.40675321385703,26.217801710490757,23.900911774940077,24.93255752003384,37.02927777104082,14.541751291101251,12.20914478276552,15.317274761603285,31.34798655774386,31.11334118991401,14.285010268366866,4.02707571017857,8.284116102025413,29.541764002986735,40.322379667385896,24.647977107872443,33.2687785241628,2.4073967649046675,18.144440875757994,20.2812244528313,42.20597887813081,35.76728866961417,26.06005246913132,10.361393019576203,21.67080910688243,26.75658988064092,5.98916572841735,40.301121673760704,26.265324389889464,24.531811916741233,6.369626907345159,31.603232591051214,34.65366982951533,27.173721399430686,35.641121400622026,32.064430034999646,5.810417105404353,19.414140018374777,1.9432772655007926,21.630848719514695,4.384551730513738,3.980688075071993,4.77544740932027,33.620919143914435,8.202960142658304,38.96916457604783,28.61446872489795,37.85190217095019,34.83580845940579,25.888461538228306,2.5484689281117454,38.57321519671707,31.69042963754585,5.335478480159478,5.590069913038033,11.690196834990257,9.08126575732161,24.521321667612664,11.541625111052676,31.61409192374921,24.065207335105853,11.619531761966439,34.38867825079548,12.952129129204655,15.196463605801481,12.755023020163383,14.64786673888044,10.909135658535304,32.29094116981809,28.748959874707655,19.52897251129559,12.861233634929611,39.34950457380729,25.40303051180456,23.61412237433786,38.89064857955927,29.45373348705611,8.610647419305458
36.69316746719354,3.6229878299997806,7.019052788006108,17.62486647800053,26.697896271169427,18.42601975689901,36.086789261219586,46.02647720694723,46.325348110413806,39.00726714082798,20.20142245951396,6.2674904654649355,39.820676405452424,33.052055417884965,30.98446114834114,45.95090654432073,18.790737622780092,23.89436343746434,32.49260236058763,0.0,19.800742101120907,37.33224682578353,3.679929014399654,28.579410313677766,22.89955279841392,52.5051489020314,10.37488490223838,7.7341648626370105,19.085366977165023,18.203906286334057,28.75233300205784,18.307479903257118,1.7293905969256043,12.23698642373578,41.90069192356457,33.96849248395714,26.78838432406623,42.129826169368705,31.114720185868585,8.179155188149734,40.1182781895978,33.256988217608075,15.591303698549654,16.23929022275221,34.8680994489759,21.700351920404138,9.751257375752278,23.40846314773303,18.762604579648443,41.29298324541497,33.45696376675259,38.69381345900142,49.79999999999999,14.335949389487922,34.03348075417644,33.12976342339009,2.3488216759273413,30.010700132602366,24.17627307075755,12.580684903973284,38.23392531375713,36.75307434037848,33.48516528072619,19.147289891890225,28.800510199562474,29.348511348403125,27.783976001446938,35.89965197943983,25.080392536719163,36.96391179935105,27.40574585962675,9.139088509009538,3.8661228798951757,49.05734620142563,31.97873987638713,8.11465793914862,41.90375327790471,37.78379049923123,38.077990428882146,24.283012959007927,40.62759130825016,51.32685369476763,26.067702747473014,7.238367162811892,8.474555433526785,24.322838851497544,14.342999430142262,23.92868997838437,20.560053998182088,28.565926327335777,33.16993573606518,40.056698591381895,16.501057480027868,29.272456371832142,13.176981785659105,29.95815203695628,29.96069752055795,7.758577610014107,28.804183369639848,26.95961605733998,18.400108251678017,36.69316746719354
24.261328260826772,19.957186828870668,25.33619174708184,18.269010227537713,36.10999115514278,3.511566892544742,26.27163971017463,39.96817346084155,41.16736769900774,44.70207994065162,17.953818308001637,14.644666369065034,33.234129003364075,35.5742993678049,33.58047683535474,38.6110729597358,9.021411265677331,18.415841450407058,16.83750623835165,19.800742101120907,0.0,26.432623627569296,23.16281678968802,14.891657711207142,19.397019758463003,42.199993809845765,16.025353382075803,14.268892953640414,32.41732416660032,6.4130097362744625,21.068634197279508,12.737419723966465,19.354065543477542,24.652596833036572,30.225501869535698,16.49129492075335,16.159614058838542,39.796547486393024,40.68188906576467,14.452516481674092,41.04139274400111,18.65887981413588,4.923075196232037,17.159794489992457,43.72009709270918,32.96558948048584,18.352187213250744,6.624511071677329,20.707641890207135,37.686835464747354,20.797168567094975,44.53439780388977,41.26161432041323,20.115899285928847,21.40165395096217,36.39235174189932,22.148996015390768,31.878201880000088,34.185762879793536,25.580480440989316,22.374272397245065,30.826594402382167,18.53491707616757,20.962966763084946,12.453138281623012,15.623878114825997,13.459894168246947,39.09114248021108,13.45819104198068,42.86710170005975,31.34821623672533,27.773465533762653,23.224781978722287,40.72057936318526,15.18242700611198,27.537320131051242,40.98478921427772,21.874050603304326,21.7571561767148,16.423295550366678,25.918696112329133,40.61695674850842,6.73624857750656,22.433051417904956,12.186461541315394,16.39936285472141,28.199504989142152,17.25345750620343,15.841270821007063,21.29894277341733,25.78238411420179,27.231605287434164,27.841710010818858,32.48336666979089,11.354331727565116,22.441283385760272,39.50209046392872,15.480645454032897,28.841526184532285,37.66978543466737,26.806917779116766,24.261328260826772
