0.0,47.632470489131244,9.945960106946922,26.692920409726618,46.13882087609884,47.53272866013007,41.33681424886172,10.017781741503859,37.136449996833925,37.64093646496037,41.073749102147005,20.483820593884552,13.490818646587094,35.11312888946473,27.89161822747003,34.354225833994,31.05280821373783,35.91370882591566,33.746727732523354,20.090667952447728,11.790946371115872,44.985810007610354,29.541574992901516,12.910836454667981,34.94204227527845,25.893149357957004,35.791843102207814,21.86542364145749,32.05304022639821,35.64971213783085,45.91732126155373,34.74711675015612,14.550418466525986,34.21691096400094,22.989491832006152,4.944904613099534,26.65484418201215,33.86547456255321,30.323974754275845,16.1241307311971,25.265663721052455,20.412082856254827,26.668429397521937,20.04142974247219,26.497256846854224,5.409678401546922,45.577489610373156,42.554835500678365,24.760232764063673,41.520428215321594,5.294701240343009,33.98631417233131,41.077809293175925,35.04522046657747,31.632218140525584,14.9969727557509,33.35079303282558,26.1252305916979,32.34932999337711,24.395159104935182,16.16381446191411,2.966506913072364,21.183050598369,26.192939382004987,6.047736631777788,23.912657394640803,27.08909924599162,36.67530693498706,12.938871666416667,36.83258051990251,24.51491507683618,3.159359273714872,16.25939226215709,31.191578141203042,15.708554799138941,23.66931984744843,29.094302408771746,16.71582410502707,29.25638894117917,41.217193559216994,24.213580267852898,24.185460972430928,22.40892096410512,42.36441556450942,28.433422127446267,44.99239445932693,51.20132651342828,12.00807891311818,25.40497396260851,32.33065140711153,29.16914948421796,39.02174087895733,22.61324805849664,27.38115186676814,35.59648549494509,7.567848210066864,20.934425899821136,8.229732061004075,17.750540779344824,10.204378412010708,12.953978192833588,0.0
47.632470489131244,0.0,42.5330073985763,38.51752423857727,8.15628967266917,0.39577359019252145,22.85900849529032,54.180869882500865,28.58031004816042,33.040934907956775,19.668304140293895,29.043101537865674,34.15580388126607,25.520970488872038,36.89820304235834,26.773575763869744,17.188909571142023,12.286203312526398,15.79489868564518,34.198964538567594,47.90116763946877,5.2323639641237865,25.275920621518534,35.58972747915916,12.704985362495483,23.14888810306368,16.538841851711332,26.108706499978904,18.358623397772078,23.14326983759015,4.659641748513485,14.008399812474028,33.13643780197385,18.411923377229755,30.64886374695792,45.28777210286256,24.56853139066064,16.83237405497307,23.5783158769204,37.705588607591025,23.809595733224697,39.7515985046321,20.964985386231444,41.303586047801744,21.150214935946508,42.6531545355878,2.087208857859348,11.229212631637651,30.166684691992955,25.80038727758693,43.03935095482092,18.753729425022076,24.290025163613553,13.928326151686534,22.693115741140883,33.95935529783947,36.93652846023672,38.077099014863975,22.93532343841023,27.647012312290062,38.983324535456624,49.232617361307305,36.09171989387537,39.53260312962052,42.33476730122629,25.615719663471314,23.016007916408164,12.080667639341995,42.8154379939321,27.58675636117107,37.93427656850081,46.46703848219856,33.12277273220627,16.44646081895396,34.36718748326962,27.84232748891514,18.539427373760457,31.009149406889172,18.6280394314921,32.31785050439601,24.487297831774757,38.01783684492513,25.227541800701122,30.488011159959182,25.914647973527185,8.010393248773743,3.9397254643812265,35.87526144397375,26.3746297391556,15.882401504527593,33.59783520723091,14.423786476738018,29.619885763673384,36.20287326515757,29.358007495087822,42.48526082955242,30.852818744643024,44.278858455502764,45.581902961054844,38.594297982146195,42.80391551801622,47.632470489131244
9.945960106946922,42.5330073985763,0.0,16.7469658537337,39.59940630352729,42.50763888132703,41.24174544496073,19.96368703421289,38.5644374616653,40.173267992839335,40.21201282589823,13.56979238257249,10.695563070159285,35.72234560482001,31.87131933131051,25.27640894153265,27.572163424700054,30.293567714912008,30.82600810209139,22.745477236010622,20.308910681305004,39.078051880505896,29.673894525770134,7.5601749250899735,30.028086444364117,19.48931009972557,28.589131087294874,19.195109070929966,25.19839645043845,27.070330169951824,41.70491793052513,31.267636264211284,12.539809587461683,26.801890886690078,24.376063870032795,12.714696622573488,25.847347157920105,31.46977091801993,29.916029421140273,20.05384588286939,18.822279460300035,25.481021989564173,22.35418711634697,25.68442838033367,21.92613648649688,10.06811252399964,40.58786387428576,39.67586054774466,15.84003710570793,42.1181719470737,10.603338711780111,26.521484860084158,41.332324455539144,31.659924065555412,23.542704576482077,8.686169161021304,37.106267692140854,16.18158590648579,24.103576498105006,16.355723207264578,20.77823193751046,12.903835215365474,24.820690513179123,31.02928175982506,5.305679667553807,17.111714569563276,25.54744733444268,32.99365430639346,19.322669355459357,38.00821951920937,28.896394803730463,6.899121505744077,9.412115509668746,26.4655623752214,17.191858538273284,15.790544316011351,24.634327467903773,14.3433374990706,23.96711829118539,43.3582441846474,22.113209276127147,14.24567302727393,18.25678068051228,44.00664588028327,28.654663900756297,41.47554775074694,45.74352279340781,11.768668192298062,25.183843217103963,26.66375664394173,19.43462510729817,31.837848865904284,23.372882246094424,17.489159324494445,37.26207723678324,13.268183826010866,21.925720987377503,2.0827689575688044,24.975330849068005,5.086462224295358,19.33222581861801,9.945960106946922
26.692920409726618,38.51752423857727,16.7469658537337,0.0,32.74913028912184,38.64969202823679,46.22249651061125,36.710591031438746,46.02084532124145,48.93238116554938,44.13481757579812,15.337608040635384,21.167347206371943,42.395020500824224,43.179672088063064,13.22853316871974,29.40877003721918,27.19194358478936,32.879611199846345,34.01122119752448,36.33485087013708,33.75497786419427,36.634169396165355,17.890967736000537,28.50244758555564,18.392056848053745,22.01223630026662,25.133960114164424,20.545362056698252,16.567425132174403,39.580277092181625,32.23807610606452,22.651948963317363,20.110215497277466,33.9533014234407,28.98151472781171,32.324501606082535,34.281449734781745,36.08242808246876,33.0042342367009,17.991932886146273,38.585863965436666,24.322548872876567,39.26840013267146,23.579961053091374,25.884970661031257,37.042346644049964,40.302889955628615,9.408196166218094,48.031217399707444,26.491461235034713,19.767617304003814,46.824461425147234,32.718996541670975,15.825540710367852,16.467746583883915,47.65369566155474,0.7373421657465109,15.649316083380478,12.783583860816599,34.15397547601635,29.64953659685364,36.6851535337651,43.32349694744299,21.473514013352183,16.452928031700818,31.051615752104215,33.24378818758813,34.17156712824274,45.182357040720014,40.95267831564242,23.620549337820407,15.49256253424691,26.263148077463512,28.730635856776537,13.168269841260274,25.523417338849065,23.006966114547094,23.418504457381733,51.31955588590504,27.805904526388137,2.605545107289922,22.28963042515052,51.228232649664605,35.925441158724546,40.706370358398466,40.62499803453683,24.008839188592052,32.611698414363325,24.415792146118235,5.3185144465693925,24.589150419795857,32.45206247965872,2.3736512819205906,45.18196678376208,28.694833496428497,31.626392491727795,18.56283317573597,39.88976360943151,18.475681976311346,34.17644731420175,26.692920409726618
46.13882087609884,8.15628967266917,39.59940630352729,32.74913028912184,0.0,8.500523873412094,29.183296312676347,53.81928127292944,33.997950958664475,38.45024009372771,25.961984138508427,26.12464002290808,32.814603518580455,30.49565884127223,40.4627683740225,20.09379800752827,18.618011029481035,10.755691421716396,18.772273953566604,35.96596758728723,48.4158294236039,3.5496064743079594,28.72661057455335,33.415865717240564,12.833406661156353,20.337093886666846,11.259568991642222,26.08424718140066,14.401030575366926,16.457366069914823,12.114652285559002,16.70763823854838,32.20850439095303,13.194254779398248,32.79129252265184,44.59413377729115,26.827393858228007,20.3311756187589,27.057489815244146,38.83063381466982,20.98925672717316,41.88723754782302,20.432135553223656,43.3799856041978,20.318010508423512,41.623143091510116,8.220889271128959,17.719379912677415,25.417949627483843,32.096286262381426,42.094120778104305,13.52145505996953,30.5385505449711,16.868092327691066,17.27925168447726,31.506248942852267,41.48861855241452,32.41173483635273,17.223666679239678,23.567482267059486,40.21748629740094,48.13580278965006,38.26848652905533,42.75488371674811,40.4018738704642,22.55902299230503,24.980866474082084,15.291774499610527,43.56613550988091,32.953017389945344,40.850608468478136,44.485767134568114,30.440622161037062,16.132312105756913,34.83639897976757,23.979916086387878,18.23423109630536,30.265810170985386,17.1990023441086,38.34323738367985,25.33810552974975,32.68673574827488,24.263290488021664,36.76785996669661,29.094868051578707,15.226196544918555,8.378245883335756,35.09337561769882,28.568919889864045,14.019304474872625,27.556976227001215,8.241222417746991,31.473954246620607,30.379203412861237,34.46463458002557,42.08204115480975,32.373494827511884,41.52236751537215,47.191408764991216,36.369309780054266,43.55719336547697,46.13882087609884
47.53272866013007,0.39577359019252145,42.50763888132703,38.64969202823679,8.500523873412094,0.0,22.476926945157764,54.02500101521403,28.21917368147597,32.677833715326514,19.28876166400042,29.035131992052634,34.062559492552424,25.17595354171702,36.59329078686754,26.974300694534858,17.012219377943172,12.294488561123305,15.552341644017625,33.96695681249707,47.7105302200421,5.505206441104969,24.987259447443957,35.53443032856317,12.625385506338944,23.150557449100045,16.691069590701268,25.96894471856564,18.436056951484154,23.350157277799205,4.269672835528382,13.788911250326754,33.02528159591975,18.55203294872592,30.405571992042265,45.15263908484786,24.33044955421506,16.56182776071259,23.291339548406903,37.49694648792575,23.809626590254346,39.49933401660212,20.86448403094481,41.0525329950068,21.063242380788306,42.535715797049264,1.955262913580801,10.854082275384515,30.251062116621178,25.417729952109557,42.91764186990554,18.893139668424944,23.909043972385625,13.697668504127975,22.82891185156512,33.91997930303566,36.59760714827667,38.20352158145227,23.086642838468748,27.70076194339964,38.76883958089253,49.113187721458935,35.840926099550906,39.23851710360365,42.26032442383947,25.622401550683918,22.794231278809047,11.849683023402019,42.61827719441986,27.22774695199059,37.65280963579461,46.3914474876566,33.09594512434219,16.357780399303465,34.1907914562995,27.884489434458146,18.438615203215367,30.89280320391657,18.580848599939603,31.939171778202873,24.31152712234277,38.12485867488025,25.133866574397018,30.104267783414194,25.635794490978302,7.619783059743304,4.209365650982753,35.75354413715299,26.13579670466839,15.87286016431564,33.75095536062798,14.632671300475353,29.39013745445633,36.34038670848796,29.00579533929911,42.33924796648314,30.635456049273017,44.24308731892705,45.34682672335023,38.53782917538325,42.606653116572275,47.53272866013007
41.33681424886172,22.85900849529032,41.24174544496073,46.22249651061125,29.183296312676347,22.476926945157764,0.0,43.82327589539697,6.987496705121345,10.935208068903126,3.227686351502182,31.436789055538878,30.555790392830815,6.51187173317993,18.657296870946027,39.4811946968918,17.065126631196602,23.0406632557595,13.879924718963053,21.784814782367118,36.00163261604129,25.664889699067594,11.828621117908051,33.83388568296824,20.39790385389276,27.934431683307746,29.803935639305028,22.391885556502608,28.222938130795207,36.76709664793193,18.227122199444135,15.261659042669438,28.743464918311503,30.617478801548394,18.432589595161975,37.154646480649504,15.394438433859076,12.2063523107722,11.336419907824984,26.12231698946246,28.27232930060119,24.851881216519605,21.900930927935555,26.266034869296547,22.647018454930425,35.973120577476074,21.58641749823632,11.665837093926898,36.86957132644639,2.9442326882311773,36.04231390791572,30.82335769496627,1.452294454879405,14.818658949487446,33.48063637753766,33.44690486275163,16.222197943634182,45.54638093555327,34.307872839561334,33.466905492819414,26.7735428346412,41.570962000327256,21.931121861921447,21.738467737902706,38.25686973123458,29.77020891387076,15.888201244178338,15.378451927078657,31.13385453102753,6.3642496391474,21.253333760103786,41.74456083352265,33.48596830717887,20.80919733861811,25.64033366015508,33.05424261879313,20.93261491899516,26.904063572900913,23.33417428999617,9.497900949629852,19.402109710660067,44.503164207613324,24.45017390698137,7.6406004679085315,12.92735116577504,14.914916242829262,26.21314952773255,30.19187618805929,16.19309603453501,23.69634639882404,43.02222263919341,30.24264808619288,18.727478882810747,44.48557886023978,8.452054453787904,34.08474672318504,20.403082600230704,42.150534893838945,31.089246122892657,36.18113207691747,31.117421329603793,41.33681424886172
10.017781741503859,54.180869882500865,19.96368703421289,36.710591031438746,53.81928127292944,54.02500101521403,43.82327589539697,0.0,38.38899332052438,37.707603304092075,44.287352965074135,29.28861030976975,21.23867861680088,37.31949208920076,27.219769526232664,43.89249389597454,37.04501618962794,43.20993423191628,39.136365676533465,22.157837513288747,8.02250914996203,52.22142276804,32.673300839601474,21.85663192680138,41.77464204954181,34.12850098659237,44.160705406965775,28.11271772630998,40.30601069268929,44.88143400524706,51.80594402898854,40.51638036092341,21.62695596910938,42.75967774453318,25.77812646570019,9.309692118804936,30.91254550158811,38.82597909984015,33.86847694556466,17.840542684159196,33.55599888581012,19.599684295666496,33.559611293995665,18.53333147359654,33.571076472317706,12.53498093092987,52.094220761373265,47.465995905984514,34.331493722593684,43.32983211391902,11.97965622483826,42.56582820305796,43.24455525477945,40.72487681794427,40.64021894525628,24.004536305984043,32.38505324172538,36.14246504586864,41.43407293520635,33.558661158864936,17.06003708396094,7.068929428513632,21.957323356447432,24.69071973062605,15.662324481483113,32.46823200908726,31.905178391027142,42.502038558552144,12.691516047810707,38.35972377589892,23.82176264490527,13.115641386512204,25.34190946851093,38.074995812507304,19.976305964817417,32.77894495942572,35.917149561916254,23.55781009191072,36.62717358598612,41.476660169009634,29.77197093007489,34.20147365246123,29.561807130422967,43.07950883694767,31.596964462829437,50.34248905330002,57.950608948923225,18.733190015671788,29.3086962089648,39.80240665475146,39.087526273788185,47.30416040727004,26.043571653861072,37.37632340159219,36.718039163332236,11.7617741269013,24.441680693071017,18.20623082398788,14.335365146292961,19.58085028693043,12.707841705668452,10.017781741503859
37.136449996833925,28.58031004816042,38.5644374616653,46.02084532124145,33.997950958664475,28.21917368147597,6.987496705121345,38.38899332052438,0.0,4.4754678241383825,9.461568235202224,30.73813240379886,27.98509340812041,3.899689155587159,12.048392220625988,41.19395755175156,18.647024164838783,26.180061583002356,16.326355305181263,17.059037942105764,30.41290220298226,30.608162176725582,9.41242773775009,31.549997638992114,23.380205128200537,28.45283099863236,32.518079617972774,21.02102970351163,30.204381355379954,38.93913114970437,24.09942466922717,18.206408380634794,26.10668035548896,32.9479158549319,14.364139020349194,32.61155423140325,13.717853107449102,14.511405788523165,10.000870166222168,21.22591023504345,28.63996864665938,18.92538043183798,22.329833251979835,20.215208661413556,23.09010495729232,31.94591551931713,27.048044329319197,17.443082483626917,36.973820633590165,5.209849384794622,31.911731321229926,33.09277496829241,5.7704497048253,17.86838411889581,35.10782225763183,31.601595929733076,9.236818959457631,45.307844975528575,36.02685121077424,33.616216203444644,21.603707164866545,36.96025443856231,16.50266026791945,15.114994312312016,34.89875642483554,29.833620262368147,15.00376116110863,19.026540432152306,25.839062976629087,1.0562003520513814,14.981327153003033,37.9942723932684,31.919106938558006,22.66346011732974,21.83289411200728,33.0597944361919,22.109321701998205,24.606450125020103,24.666754623854946,5.337130620970986,18.2275010881461,44.02052063225393,23.731640465498238,5.446709547787469,10.22888586906946,20.943359183224423,32.190364891326325,26.952502439571393,13.719009900610946,25.883330069954365,43.52193648152665,33.58981769913651,15.202012756103533,44.553296311775824,1.6916795180638489,29.63667336533008,16.720860245422145,39.16533244217547,24.980548841211696,33.491343261645795,25.822059861873996,37.136449996833925
37.64093646496037,33.040934907956775,40.173267992839335,48.93238116554938,38.45024009372771,32.677833715326514,10.935208068903126,37.707603304092075,4.4754678241383825,0.0,13.7306687858284,33.594843627666236,29.86463337345048,8.075668671373036,10.51494563146444,44.92360862892581,22.62225885976834,30.41421150094951,20.552426938471875,17.741059950388117,29.687251438272014,35.07245910618618,12.514285714285712,33.52750196115276,27.607542891206307,31.87849687901401,36.607386340653676,23.798515474195238,34.10986188114839,42.83297489990054,28.5398556980463,22.489475089381656,27.995340720212997,36.930481188529434,15.831064269920939,32.89921529986602,16.734800596971812,18.75379210632737,13.506330488526707,21.51701064132226,32.00299169688703,18.131098101531162,25.845863364593264,19.186679052436993,26.592909289692162,32.68653795165995,31.520936482514184,21.877523271380507,40.11124530602359,8.468796989477285,32.56834722266892,37.05675514721731,9.546047370936478,22.173773808216747,38.85442091306722,33.838193612230185,6.062515137788804,48.2076711653205,39.796307489463366,36.81434059533577,21.599074810117706,37.111450898005884,16.482159557335603,13.313191861872209,36.09589269415226,33.051179607835294,18.288464078958267,23.40573242186797,25.553106285074747,5.504565822838267,13.885851851170424,38.84721595887023,34.30633522739924,26.631085105146408,23.049264718893582,36.203202023228464,25.887019834626912,26.75046045760479,28.445186817126448,3.779718162476548,21.21579388578428,46.81361497405189,26.73499884543304,5.712714069583414,13.07225758495245,25.35483627336172,36.62757475800249,28.412184796279906,16.321188432118987,29.895240765181388,46.76857029402266,37.821700282310125,17.012253926904258,47.60172317237677,4.183454289928162,30.073091369026166,18.305906708168358,40.558786360299386,23.71127347478238,35.17435661480258,25.535981816780392,37.64093646496037
41.073749102147005,19.668304140293895,40.21201282589823,44.13481757579812,25.961984138508427,19.28876166400042,3.227686351502182,44.287352965074135,9.461568235202224,13.7306687858284,0.0,29.668679836913974,29.60698483500824,7.698517217421726,20.33094434499253,36.811107463007154,14.752840473644936,20.109163308790144,11.37713711702517,22.12952298977775,36.63220396518531,22.440478004294484,11.67721800807723,32.70477066866233,17.53982384199349,25.755213143781834,26.923134123285276,21.092410086694834,25.556021535729965,33.984913339508125,15.052834298170003,12.526127469723233,27.857749443945263,27.83081481130627,18.55700626805555,37.12307385232125,14.561643773549571,9.859706498922668,10.750034076832556,26.455389019314477,26.142907728288293,25.862089503158625,19.875403730978338,27.34380831305735,20.597069734130944,35.6699853246567,18.366985465830822,8.454401099970575,34.737317227489875,6.165163486585457,35.79391214911797,28.051754501496777,4.629745882742972,12.06259186282034,30.873157748888513,32.12848593014095,18.58228781415688,43.475921555523584,31.667093846026685,31.351262839519766,27.25583824371114,41.53744000837051,22.677985009291113,23.37150541377518,37.5837155357129,27.731579876541105,14.664609626928497,12.425627237483743,31.62492429611008,8.624833627499191,22.58833435602527,41.23763725688721,32.047190204446935,18.292400563276185,25.393525126837876,30.995769559929375,18.651239494839945,25.899322818347574,20.94459396423169,12.651440185825098,18.124613549715495,42.52896866266808,22.81783190974165,10.861593072916726,12.77999712561048,11.765970995603709,23.07799163617111,29.568173733918425,15.673053438358224,21.02190344592506,40.708857382488084,27.215391203643332,18.568310067841665,42.31194012983829,10.66810619538062,34.03452988495354,20.25077232087302,41.258284511311494,32.15090185042899,35.208978910476326,31.609071805545998,41.073749102147005
20.483820593884552,29.043101537865674,13.56979238257249,15.337608040635384,26.12464002290808,29.035131992052634,31.436789055538878,29.28861030976975,30.73813240379886,33.594843627666236,29.668679836913974,0.0,8.512563584227152,27.181133913365837,28.286067530261796,15.379550695382383,15.435665035949729,16.767651071303323,18.935478847488213,19.44708109885147,25.866685531937854,25.50873847871569,21.332444964496343,7.577162249490375,16.74310482508168,5.923322288950308,15.37078702856659,9.796359173755551,11.761274399919598,15.721130976608313,28.52761497788644,18.864762097084395,9.120145004217816,13.74152651710894,18.844187757632273,20.05268814999167,17.022201109499466,20.027083702642607,20.868603504904154,19.45789803443238,5.256599350786959,24.717913523992912,9.992653628071587,25.688998995440734,9.365351688265529,16.759122279876017,27.136254836115693,27.360198710341773,7.041625508071155,33.02214470346114,17.32904604225789,13.505460120307802,31.904519800076436,19.310528797756415,11.360076171058225,5.499545064672835,32.49295056984967,14.613689975289523,12.182735191027255,4.633933402144467,20.80445870578748,22.840977140540502,22.23930772670915,28.805841244371226,14.519767243875725,3.566085145549125,15.853065112759358,20.349986712125233,22.18993704638319,29.9249870339085,26.408503268795055,18.499502034114432,4.330667102308881,13.409626758262826,14.786049685636879,3.7932614796585287,11.892658685602852,8.531719447725287,10.687468152476715,36.01619227684194,12.511338204743305,13.282738837318458,7.054134697220534,36.00426505347409,20.598788947956358,28.674855656808024,32.1875529244661,11.586047907826423,17.2745654719561,13.162320991282314,13.761881693834676,18.622225036394614,17.284574224505768,14.096026361484764,29.860170454835604,18.296834118926427,16.63903941497409,15.429638058368214,27.47518182517689,10.377674624512222,22.188897389166026,20.483820593884552
13.490818646587094,34.15580388126607,10.695563070159285,21.167347206371943,32.814603518580455,34.062559492552424,30.555790392830815,21.23867861680088,27.98509340812041,29.86463337345048,29.60698483500824,8.512563584227152,0.0,25.04867685617142,22.48412337810021,23.8571976047276,17.852201373431544,22.450395933056956,20.823625515069097,13.164520035120992,17.35569306114432,31.52823108108098,18.98807273323043,3.697337155415547,21.45748905940986,12.890072117085825,22.922211668054675,8.86406733931542,19.06908428609523,24.19281728454264,32.59091597487914,21.58663532118417,1.8798610456681115,21.545898231734153,14.05015854366209,11.929384061284665,15.1646473949197,21.233032409576417,19.22466527932387,11.846954659062282,12.322280467444624,17.41853481501934,13.204451939418316,18.1323542152627,13.010118511123153,8.822994077397759,32.107491401254514,29.729001301210012,14.925877268854183,31.429482584194798,9.319567301858898,21.362751485246655,30.636775020773143,21.92497038836341,19.738844330664453,4.700801494838679,27.39433398887218,20.439699666310645,20.60771799147898,13.113434146021431,13.041027879859215,15.3243144135357,15.686651025893422,22.289729308653822,8.3940503711053,11.334747730869399,14.968227574923288,23.457449101881195,13.803449435794324,27.390026488128996,19.957716936215984,12.453456859647527,5.792966882878104,17.70986580803975,7.649364919617144,12.277541467647174,15.62846696230429,3.720631941057369,15.788729640901112,32.8986838022187,11.630199956166193,18.662974367578656,8.928730055733752,33.431758089870044,17.979784566596578,31.892225141714334,37.71073619660316,3.120047095405937,14.495732799267342,18.89595486351726,21.16847868402258,26.07023355382572,12.880664198871177,20.656915232889336,26.74349449789955,9.862016186627667,11.571631744248077,11.652124970430528,19.275235248306334,5.625365294261124,13.80384329800648,13.490818646587094
35.11312888946473,25.520970488872038,35.72234560482001,42.395020500824224,30.49565884127223,25.17595354171702,6.51187173317993,37.31949208920076,3.899689155587159,8.075668671373036,7.698517217421726,27.181133913365837,25.04867685617142,0.0,12.639343821769309,37.30711504060667,14.747490966124312,22.355291388421318,12.491791917340057,15.339983769248787,29.48976550242058,27.17318065554298,6.081463304038534,28.512344050696814,19.55032939855072,24.652698159240337,28.63719288489237,17.58041582011538,26.304819144105164,35.039505168437806,21.192932976897396,14.41503296944561,23.18726532968878,29.050770476979128,12.12534535590636,30.811127594969143,10.25568473519711,10.68620319737137,6.315764532711225,19.664560892683077,24.861901022427457,18.38699895611692,18.51417460284119,19.826164530740684,19.276721712988437,29.797619409090043,23.86840452761511,14.646231527569936,33.26633599006782,6.455645844166652,29.829064035341265,29.19441154238465,5.994070539512619,14.098142300549053,31.22045640216016,28.39662929120357,11.456829350894177,41.68859835318358,32.136182164059754,29.89089548094973,20.278898653828435,35.2175039966648,15.41958786076717,15.673569068560573,32.37505615785846,26.110012154226915,11.345217458633103,15.354421818738569,24.633212025512982,2.901552012567184,14.935551341599377,35.697216492411876,28.619485298927195,18.76416297746579,19.497933328474392,29.35875324050281,18.224889014527264,21.530616454202118,20.77999980357879,9.17506469976632,14.695508684975964,40.454179068195565,20.137429055854962,8.833230393444602,7.069033360584823,18.206690853549816,29.25397806543686,24.330111351314173,10.565689561896432,21.987623977211936,39.76174019926026,29.765549186389066,12.624524238358365,40.869826203172806,3.9733725971670966,27.76077044158184,14.259776453009206,36.46764022628101,24.649592619889898,30.6359404781311,24.616713088170524,35.11312888946473
27.89161822747003,36.89820304235834,31.87131933131051,43.179672088063064,40.4627683740225,36.59329078686754,18.657296870946027,27.219769526232664,12.048392220625988,10.51494563146444,20.33094434499253,28.286067530261796,22.48412337810021,12.639343821769309,0.0,41.94021984701947,22.214689017928325,30.662342256472538,21.720169127766376,9.322326065167754,19.208332375640037,37.503403927143054,11.76660788946797,26.14802759174725,28.020984556403516,28.408693696666525,35.631089382900505,19.13726485479179,32.36045659474551,40.62240097808708,32.94582863565274,23.772699141868515,20.75985844000338,35.3896878788619,9.566052221373289,23.011232040027753,14.148840292852737,20.293262177282347,13.46111679267818,12.029559511503997,28.314131180203923,7.734012871856418,23.2199731055057,8.686625892010952,23.840759472904754,23.304527369555625,35.03252226612481,26.734157925769797,35.27925446942391,17.257263954163577,23.085923619984428,35.42002200992644,17.65539519783788,23.650707199160202,36.177363087986386,26.99368633663836,5.459212771236588,42.442352740186884,37.17074689173996,32.315377018328824,11.743607900922619,27.047278334540838,7.055800913476246,3.082903481711845,27.248030821941413,28.82540206279234,16.103312373165814,25.35410026011572,15.32020035037108,12.380941245416237,3.4531689084381703,29.47049108681359,27.779184102269006,25.734192294712194,14.916965276530762,31.56916604691925,24.24354591158948,20.173326499137822,26.557821400691367,14.29422375132911,17.54347602444875,40.807447099463474,22.373792978502728,16.049019806040924,11.374657115262682,30.259901128829394,40.78684902099235,20.31217348874154,12.712246385405898,28.930683097531517,42.0352994517703,37.647275533589955,11.197868601858557,42.25953513946978,10.384129177524237,20.399351730395946,11.647168001234444,31.898062125259877,13.213529244756707,27.158192359671105,15.30330096443781,27.89161822747003
34.354225833994,26.773575763869744,25.27640894153265,13.22853316871974,20.09379800752827,26.974300694534858,39.4811946968918,43.89249389597454,41.19395755175156,44.92360862892581,36.811107463007154,15.379550695382383,23.8571976047276,37.30711504060667,41.94021984701947,0.0,22.67020844677896,17.23587904722623,25.612948893487612,33.90308492374903,41.16645751688861,21.681004570445385,32.51205114088859,22.162008308023395,19.426246079330248,13.53204631794543,10.659838801093857,22.856443560731357,11.261343668696458,3.655611286440481,28.75369747297462,24.285112597588487,24.47685453981506,9.20627292798176,32.40849321787517,34.91628004591694,28.56912562147309,27.342792655544198,31.417334094933214,34.58795637979515,13.643237391858731,39.579393525378,19.166335282553764,40.685349115536184,18.447944634145287,31.572568305219566,25.627201110045046,31.086707967311334,9.5941819104399,41.83422327155954,32.175444052879826,8.92919083565761,40.410572469923494,24.748996269071814,6.086752426544127,20.044758081119667,45.3079455121352,13.061417243475656,5.191371176662052,10.749815375728316,35.97809129263564,37.054867646862945,36.71803916333223,43.01471148434722,28.351741119194,13.42339353060734,26.794510555678514,24.610647770293845,37.56716238679624,40.20825988855158,40.65089079527015,31.756942740838536,18.69336409596972,18.73401359309111,29.871146955016023,11.589192713692444,19.08485883454981,23.61831596409007,16.52739469820347,46.47293247753174,24.50045963750435,13.897952279059687,19.633025071786257,45.79755273739737,32.16125187938087,30.581752062033225,28.303402261774757,26.954165177355492,29.55751722472298,15.79478705013726,7.913856615494888,12.355338926957852,30.769594851849103,10.899217721413564,40.80660090660603,33.48882920665715,30.619475195118703,27.357234017005894,42.79107478940734,24.3178362356455,37.56596157943724,34.354225833994
31.05280821373783,17.188909571142023,27.572163424700054,29.40877003721918,18.618011029481035,17.012219377943172,17.065126631196602,37.04501618962794,18.647024164838783,22.62225885976834,14.752840473644936,15.435665035949729,17.852201373431544,14.747490966124312,22.214689017928325,22.67020844677896,0.0,8.447933209383468,3.520468428942895,17.434985236703863,30.72692523982635,16.08672414998004,10.861593072916726,20.089585483477734,5.853651921350168,11.0170035557287,14.025130797163746,9.193191802100298,11.563197072203355,20.295296730714607,14.89525879915745,3.737182175415709,16.531208333923804,14.315363518020115,14.175360053736245,28.299222748394797,8.241489859366498,4.897729586455422,9.395568212770119,20.63478814121078,11.4323707970314,23.29301130189491,5.447788542151763,24.800115865430463,6.078780758524205,25.863640541130643,15.103820303323987,12.117296121912773,20.002724712357747,19.237532193552244,26.196310692109893,14.451591254803686,17.867010759200532,4.09843374762524,16.596924229433327,18.95432619832879,24.13413536458098,28.75900143025321,17.480234435452157,16.63109848250241,21.959591832941427,32.390769660254655,19.660398401510648,24.293479094823212,26.243317983355503,13.093956231632914,6.365057673240164,5.623954596733727,25.665885879103875,17.63363483661325,22.2999317286408,30.298451768891375,18.5329826228257,4.017723997793899,17.178896403222563,16.31752382175278,3.8984078382680023,14.356874197912786,6.275526809335923,23.8627155168211,7.299315036357867,27.88114306795025,9.3154039644241,23.127550493658735,10.942515473964804,14.043128903052727,21.036374328718317,19.07912974526707,9.95703422773292,7.274088202907185,25.98136160828389,15.586289108163792,12.892670912782432,27.56132161162799,18.443364162555948,25.415319179179946,13.912144159044677,29.007137756357942,28.771460348968123,22.96936238042461,25.654816948344447,31.05280821373783
35.91370882591566,12.286203312526398,30.293567714912008,27.19194358478936,10.755691421716396,12.294488561123305,23.0406632557595,43.20993423191628,26.180061583002356,30.41421150094951,20.109163308790144,16.767651071303323,22.450395933056956,22.355291388421318,30.662342256472538,17.23587904722623,8.447933209383468,0.0,9.863640094730107,25.38562537165874,37.6670353362248,9.078207141168305,19.22398501872075,23.514726605830205,2.807087240452317,10.863784434758356,6.849703106928154,15.334350395136283,6.654807683631619,14.078294191660389,12.43009645816088,7.997854814426996,21.678727276446153,8.030509171342771,22.381226097617017,34.0502759136533,16.626309124458164,11.67166742193091,17.6746930810751,28.105608417000973,11.525559882810242,31.36744705413364,9.699721855890127,32.830894360187564,9.639500368117572,31.18144346124038,10.431256014537096,13.850855716584178,18.30364299637576,25.669475241688783,31.62347926488049,8.308203961219565,24.15275266350587,8.375211237055822,11.819897440765043,21.78980551748445,32.44219474696495,26.670506526261303,12.389862874173238,15.530501391435747,29.50191581464997,37.744417832985846,27.79613715638067,32.70513908316214,30.387071901970252,13.329737202118839,14.700097459068852,7.68355784936183,32.81077473598437,25.129844035021186,30.66471907450592,34.51609881708853,20.896833467767117,5.398013239959263,24.080833262415254,15.654620234738287,7.479356078362545,19.6649718628669,6.661693110767024,31.137700752677056,14.653804131016768,26.35294321943055,13.673618275156501,30.03057707044061,19.371914026786936,13.606937006316944,15.47152117107231,24.534585002084093,18.277212309209478,3.6424033330778065,22.698884266385768,7.410732426828052,20.97672879694087,24.987912179732838,26.247192269666034,31.451537063766366,21.761734624738697,32.077144256829804,36.51247077984424,26.51802744534059,32.80186604945717,35.91370882591566
33.746727732523354,15.79489868564518,30.82600810209139,32.879611199846345,18.772273953566604,15.552341644017625,13.879924718963053,39.136365676533465,16.326355305181263,20.552426938471875,11.37713711702517,18.935478847488213,20.823625515069097,12.491791917340057,21.720169127766376,25.612948893487612,3.520468428942895,9.863640094730107,0.0,18.425860265686712,32.418738345567476,15.788832012740224,9.961593184602059,23.294846938272656,7.058611761529317,14.49256980634686,16.266557153640502,11.983457986162527,14.365877939742903,22.992450935035176,12.735896881953584,2.067402984916296,19.367248600855696,16.87579113791742,14.854065615383636,30.678003819794842,8.78057410609654,1.8189209629304286,8.285747783183519,22.074016491831127,14.927570438074424,23.965107288450408,8.942986763095314,25.514452087123534,9.592297930727378,28.453641781189365,13.77574443338281,8.906782556580351,23.471426310755476,16.242981529866732,28.739047745291114,17.058512507824116,14.801147225254988,1.9408561123843249,19.601003722737655,22.275327249709093,22.854000498282794,32.23639874554279,20.433228639964394,20.11429951298228,23.30193580466863,34.89077253606268,20.302969723462542,24.11995126403849,29.20468735092547,16.607748376057756,7.335400327124872,3.7422115037468826,27.27881079459563,15.279066111005928,22.350302011382308,33.19823944188632,21.921552157171533,6.937691199792153,19.160239442924613,19.81954508425808,7.359239091101741,17.20617734348656,9.571948813153602,21.352940819302923,9.555832068983438,31.384681041578748,12.618551939950342,20.38484671294351,10.395542215737652,11.286055691038584,19.73160729719229,21.739718189037674,10.584641935273918,9.860496323973862,29.33897706993555,17.27375737578686,13.85893714451113,30.999334291732975,16.390221076568054,27.702623761393184,15.168483975745536,32.18715575999792,29.797984317529856,26.111334625376145,27.266273403348,33.746727732523354
20.090667952447728,34.198964538567594,22.745477236010622,34.01122119752448,35.96596758728723,33.96695681249707,21.784814782367118,22.157837513288747,17.059037942105764,17.741059950388117,22.12952298977775,19.44708109885147,13.164520035120992,15.339983769248787,9.322326065167754,33.90308492374903,17.434985236703863,25.38562537165874,18.425860265686712,0.0,14.60350083831592,33.52161118333262,10.549140984469027,16.825729568437858,23.133413946417992,20.56767108540855,29.08807456042172,11.264161698746612,25.447905972149197,33.06394991033996,31.044052964936707,20.202266189308403,11.461407115237837,28.462687927910686,3.73718217541571,15.56685647162468,9.649342580968819,17.644963899662933,11.856934937936067,4.342255597436588,20.340474980908866,6.031411653221178,16.4224366185349,7.451367221482763,16.87235149284056,14.98471057512984,32.15612526155375,25.903679669270215,26.488648935892893,21.60941971474855,14.905859688767515,28.4259433099629,21.32944156678792,20.270723636187583,28.480111212807397,17.7085963213765,14.380170019715285,33.27489069884991,29.47016201142423,23.739050752130865,5.175439644146579,19.942301261184394,2.819153151177832,9.370606235697338,18.401665408215592,20.509908008828617,11.212739110821536,22.11857765659945,9.51578366586327,16.8014780690903,6.976637398328443,21.12139837671159,18.545410345903893,20.02640868698028,5.617131230913705,22.948370090181097,18.108911325304874,11.058192641195753,19.9759308229904,21.204965918195594,10.802231062070804,31.595792538286624,14.368884750724106,22.277444619513926,9.497699828948921,29.069190928274725,38.12673174387477,11.053886563705333,7.854123056050997,22.84471447822968,33.18682256313091,31.585913160839304,4.583430673054176,33.20509034003364,15.506479488344507,12.577682859829507,3.6422016216927373,22.945911200393123,11.387774325197729,17.918780024070283,9.50031406570008,20.090667952447728
11.790946371115872,47.90116763946877,20.308910681305004,36.33485087013708,48.4158294236039,47.7105302200421,36.00163261604129,8.02250914996203,30.41290220298226,29.687251438272014,36.63220396518531,25.866685531937854,17.35569306114432,29.48976550242058,19.208332375640037,41.16645751688861,30.72692523982635,37.6670353362248,32.418738345567476,14.60350083831592,0.0,46.46493556150373,25.143984390315076,19.254931623787567,35.9032536755347,29.768303647349747,39.63286576794052,22.332748169813907,35.74862851657846,41.532940062125164,45.15448747107545,33.97906726566958,17.076643554927323,38.47135971560333,18.31904194981778,7.61160231461933,23.86110831030106,31.897495519368963,26.453967103446015,10.446345713957115,29.281706206560894,11.578347138040886,27.987020315182694,10.526216833047213,28.142922697530604,10.459348713481353,45.820147426695186,40.37879823544498,31.962754855600032,35.39847246790777,9.861137078947634,38.327644842641625,35.36757560367452,34.13204849835236,37.03791152043968,21.26344607008728,24.419721705278818,35.677288265214095,37.92801258668202,30.447692985894108,9.428072714083234,9.587333480447318,14.073105918882357,16.742701120677225,15.075434809446707,28.55489578810239,25.08732829171585,35.957305295052805,5.160256282197539,30.414081056816624,15.801669764519785,14.629889449552323,22.593277670988048,32.33944454484937,13.626544323638388,29.616274070110816,30.204381355379954,18.589592875189766,31.3315765609699,33.455044462681556,23.451453634071818,33.73193775177756,24.39433992565003,35.06076823727276,24.100320939517694,43.42608865083527,51.76299269019226,14.331674639035858,22.155735241278556,34.49540306552542,37.6504954028713,42.61109139888442,18.81858655691229,36.49159858579696,28.735872482786018,7.783782198014177,17.3274179335785,19.151916832717994,6.641280918986784,17.915794878331493,5.173877873017291,11.790946371115872
